188874.0 0.000027559361097753744
188748.0 0.000027563260271640323
188622.0 0.000027567118693979096
188496.0 0.000027570936245148668
188370.0 0.00002757471280548528
188244.0 0.00002757844825527512
188118.0 0.000027582142474761624
187992.0 0.00002758579534414789
187866.0 0.000027589406743595703
187740.0 0.000027592976553228503
187614.0 0.000027596504653135454
187488.0 0.000027599990923370588
187362.0 0.00002760343524395819
187236.0 0.00002760683749488851
187110.0 0.000027610197556128718
186984.0 0.000027613515307619673
186858.0 0.000027616790629275205
186732.0 0.00002762002340099305
186606.0 0.000027623213502647815
186480.0 0.0000276263608140984
186354.0 0.000027629465215190504
186228.0 0.000027632526585755404
186102.0 0.000027635544805614886
185976.0 0.000027638519754581468
185850.0 0.000027641451312463402
185724.0 0.000027644339359066342
185598.0 0.00002764718377419177
185472.0 0.00002764998443764414
185346.0 0.000027652741229232715
185220.0 0.000027655454028768753
185094.0 0.00002765812271607546
184968.0 0.00002766074717098668
184842.0 0.000027663327273345075
184716.0 0.000027665862903013936
184590.0 0.000027668353939870678
184464.0 0.00002767080026381685
184338.0 0.00002767320175477187
184212.0 0.00002767555829268711
184086.0 0.000027677869757534765
183960.0 0.000027680136029324238
183834.0 0.000027682356988094623
183708.0 0.00002768453251392146
183582.0 0.000027686662486918516
183456.0 0.000027688746787240834
183330.0 0.000027690785295086104
183204.0 0.000027692777890701247
183078.0 0.000027694724454379783
182952.0 0.000027696624866466195
182826.0 0.000027698479007364848
182700.0 0.000027700286757532263
182574.0 0.000027702047997485764
182448.0 0.000027703762607806747
182322.0 0.00002770543046914348
182196.0 0.000027707051462212676
182070.0 0.000027708625467800433
181944.0 0.000027710152366769725
181818.0 0.000027711632040060994
181692.0 0.000027713064368692214
181566.0 0.000027714449233768423
181440.0 0.000027715786516478904
181314.0 0.00002771707609810298
181188.0 0.000027718317860013414
181062.0 0.00002771951168367793
180936.0 0.000027720657450661202
180810.0 0.000027721755042631242
180684.0 0.000027722804341362297
180558.0 0.00002772380522873422
180432.0 0.000027724757586738633
180306.0 0.000027725661297484105
180180.0 0.000027726516243193324
180054.0 0.000027727322306213166
179928.0 0.000027728079369012945
179802.0 0.000027728787314191265
179676.0 0.00002772944602447454
179550.0 0.000027730055382728054
179424.0 0.000027730615271949516
179298.0 0.00002773112557528284
179172.0 0.000027731586176015587
179046.0 0.000027731996957579285
178920.0 0.0000277323578035631
178794.0 0.00002773266859770766
178668.0 0.000027732929223910228
178542.0 0.00002773313956623464
178416.0 0.000027733299508911152
178290.0 0.000027733408936334706
178164.0 0.000027733467733075846
178038.0 0.000027733475783883114
177912.0 0.00002773343297368537
177786.0 0.000027733339187593645
177660.0 0.000027733194310909082
177534.0 0.000027732998229123444
177408.0 0.00002773275082792589
177282.0 0.000027732451993201806
177156.0 0.0000277321016110434
177030.0 0.000027731699567749042
176904.0 0.000027731245749828598
176778.0 0.000027730740044006487
176652.0 0.000027730182337225905
176526.0 0.000027729572516655454
176400.0 0.000027728910469689814
176274.0 0.000027728196083952145
176148.0 0.000027727429247306872
176022.0 0.000027726609847855607
175896.0 0.000027725737773941514
175770.0 0.000027724812914156766
175644.0 0.00002772383515735018
175518.0 0.000027722804392620746
175392.0 0.000027721720509331225
175266.0 0.000027720583397110452
175140.0 0.000027719392945857896
175014.0 0.000027718149045742397
174888.0 0.000027716851587214547
174762.0 0.000027715500461006287
174636.0 0.000027714095558137845
174510.0 0.00002771263676992115
174384.0 0.000027711123987964623
174258.0 0.000027709557104176713
174132.0 0.000027707936010772045
174006.0 0.000027706260600276285
173880.0 0.000027704530765528416
173754.0 0.000027702746399689045
173628.0 0.00002770090739623899
173502.0 0.000027699013648994177
173376.0 0.00002769706505209969
173250.0 0.000027695061500043568
173124.0 0.000027693002887652544
172998.0 0.00002769088911010699
172872.0 0.00002768872006293747
172746.0 0.000027686495642034453
172620.0 0.000027684215743652996
172494.0 0.000027681880264413486
172368.0 0.000027679489101314663
172242.0 0.00002767704215173053
172116.0 0.00002767453931342092
171990.0 0.000027671980484534597
171864.0 0.00002766936556361502
171738.0 0.000027666694449604964
171612.0 0.000027663967041853034
171486.0 0.000027661183240116296
171360.0 0.00002765834294457209
171234.0 0.000027655446055814042
171108.0 0.00002765249247486622
170982.0 0.000027649482103182502
170856.0 0.00002764641484265615
170730.0 0.000027643290595623038
170604.0 0.00002764010926486811
170478.0 0.000027636870753632516
170352.0 0.000027633574965615068
170226.0 0.000027630221804982673
170100.0 0.00002762681117637325
169974.0 0.000027623342984902882
169848.0 0.00002761981713617091
169722.0 0.00002761623353626717
169596.0 0.000027612592091773362
169470.0 0.000027608892709778384
169344.0 0.000027605135297873617
169218.0 0.000027601319764165798
169092.0 0.000027597446017281515
168966.0 0.00002759351396637209
168840.0 0.0000275895235211218
168714.0 0.000027585474591751807
168588.0 0.000027581367089028414
168462.0 0.000027577200924268218
168336.0 0.000027572976009345866
168210.0 0.000027568692256698756
168084.0 0.00002756434957933361
167958.0 0.000027559947890834504
167832.0 0.000027555487105368586
167706.0 0.000027550967137690797
167580.0 0.000027546387903155082
167454.0 0.0000275417493177153
167328.0 0.000027537051297936118
167202.0 0.000027532293760998156
167076.0 0.000027527476624707156
166950.0 0.000027522599807493223
166824.0 0.000027517663228431485
166698.0 0.00002751266680723239
166572.0 0.000027507610464263083
166446.0 0.000027502494120546165
166320.0 0.000027497317697768955
166194.0 0.000027492081118291345
166068.0 0.000027486784305151397
165942.0 0.000027481427182075896
165816.0 0.000027476009673482544
165690.0 0.000027470531704491714
165564.0 0.000027464993200930387
165438.0 0.00002745939408934439
165312.0 0.000027453734296999927
165186.0 0.000027448013751894936
165060.0 0.000027442232382765878
164934.0 0.00002743639011909592
164808.0 0.000027430486891119192
164682.0 0.00002742452262983397
164556.0 0.000027418497267008736
164430.0 0.000027412410735183123
164304.0 0.000027406262967687225
164178.0 0.000027400053898642265
164052.0 0.000027393783462969783
163926.0 0.000027387451596400707
163800.0 0.000027381058235482555
163674.0 0.00002737460331758709
163548.0 0.00002736808678091982
163422.0 0.000027361508564529147
163296.0 0.000027354868608312473
163170.0 0.000027348166853023534
163044.0 0.00002734140324028452
162918.0 0.00002733457771259303
162792.0 0.00002732769021332902
162666.0 0.00002732074068676571
162540.0 0.000027313729078074122
162414.0 0.00002730665533334075
162288.0 0.000027299519399564236
162162.0 0.000027292321224672423
162036.0 0.000027285060757532293
161910.0 0.000027277737947951
161784.0 0.00002727035274669191
161658.0 0.000027262905105480674
161532.0 0.00002725539497701556
161406.0 0.00002724782231497544
161280.0 0.00002724018707402957
161154.0 0.00002723248920984817
161028.0 0.000027224728679109472
160902.0 0.00002721690543951002
160776.0 0.000027209019449773863
160650.0 0.000027201070669664154
160524.0 0.000027193059059989814
160398.0 0.000027184984582616415
160272.0 0.000027176847200478054
160146.0 0.00002716864687758196
160020.0 0.00002716038357902184
159894.0 0.000027152057270992253
159768.0 0.000027143667920787252
159642.0 0.00002713521549682046
159516.0 0.00002712669996863012
159390.0 0.00002711812130689153
159264.0 0.000027109479483427803
159138.0 0.00002710077447121541
159012.0 0.000027092006244402142
158886.0 0.000027083174778311447
158760.0 0.000027074280049453674
158634.0 0.000027065322035540147
158508.0 0.0000270563007154911
158382.0 0.000027047216069443967
158256.0 0.00002703806807877196
158130.0 0.000027028856726086374
158004.0 0.000027019581995252806
157878.0 0.0000270102438714002
157752.0 0.000027000842340931804
157626.0 0.00002699137739153692
157500.0 0.00002698184901220102
157374.0 0.000026972257193219032
157248.0 0.000026962601926206744
157122.0 0.000026952883204107948
156996.0 0.000026943101021213065
156870.0 0.000026933255373161048
156744.0 0.000026923346256961447
156618.0 0.000026913373671000322
156492.0 0.000026903337615051445
156366.0 0.000026893238090292173
156240.0 0.00002688307509931109
156114.0 0.000026872848646121807
155988.0 0.000026862558736176966
155862.0 0.000026852205376377373
155736.0 0.000026841788575086136
155610.0 0.000026831308342139403
155484.0 0.000026820764688861742
155358.0 0.000026810157628073702
155232.0 0.000026799487174109605
155106.0 0.000026788753342828828
154980.0 0.000026777956151624898
154854.0 0.000026767095619443068
154728.0 0.00002675617176678893
154602.0 0.000026745184615747805
154476.0 0.000026734134189989705
154350.0 0.000026723020514788695
154224.0 0.00002671184361703189
154098.0 0.00002670060352523741
153972.0 0.000026689300269562996
153846.0 0.00002667793388182204
153720.0 0.000026666504395497885
153594.0 0.000026655011845755694
153468.0 0.000026643456269454394
153342.0 0.000026631837705166566
153216.0 0.000026620156193188496
153090.0 0.000026608411775551197
152964.0 0.00002659660449604078
152838.0 0.000026584734400206462
152712.0 0.000026572801535384613
152586.0 0.000026560805950697737
152460.0 0.000026548747697082865
152334.0 0.000026536626827300204
152208.0 0.00002652444339594688
152082.0 0.00002651219745947616
151956.0 0.000026499889076205576
151830.0 0.00002648751830633816
151704.0 0.000026475085211974134
151578.0 0.000026462589857127652
151452.0 0.000026450032307738556
151326.0 0.000026437412631695273
151200.0 0.000026424730898839417
151074.0 0.000026411987180987812
150948.0 0.000026399181551952528
150822.0 0.000026386314087545968
150696.0 0.000026373384865602806
150570.0 0.00002636039396599821
150444.0 0.000026347341470656608
150318.0 0.000026334227463574183
150192.0 0.000026321052030832833
150066.0 0.00002630781526061453
149940.0 0.000026294517243220564
149814.0 0.00002628115807108783
149688.0 0.000026267737838802047
149562.0 0.00002625425664311956
149436.0 0.00002624071458297927
149310.0 0.000026227111759524403
149184.0 0.00002621344827611423
149058.0 0.000026199724238343824
148932.0 0.000026185939754064403
148806.0 0.00002617209493339368
148680.0 0.000026158189888739118
148554.0 0.000026144224734814074
148428.0 0.00002613019958865201
148302.0 0.000026116114569631928
148176.0 0.000026101969799484858
148050.0 0.000026087765402324294
147924.0 0.000026073501504655657
147798.0 0.000026059178235396778
147672.0 0.000026044795725897327
147546.0 0.000026030354109957075
147420.0 0.000026015853523842885
147294.0 0.00002600129410630807
147168.0 0.000025986675998614455
147042.0 0.000025971999344543315
146916.0 0.000025957264290423516
146790.0 0.000025942470985145158
146664.0 0.000025927619580179633
146538.0 0.000025912710229598788
146412.0 0.000025897743090097152
146286.0 0.00002588271832100667
146160.0 0.000025867636084323168
146034.0 0.00002585249654471864
145908.0 0.000025837299869564957
145782.0 0.000025822046228955
145656.0 0.000025806735795721027
145530.0 0.00002579136874545611
145404.0 0.000025775945256534002
145278.0 0.000025760465510128407
145152.0 0.00002574492969023734
145026.0 0.00002572933798369874
144900.0 0.000025713690580217264
144774.0 0.00002569798767238004
144648.0 0.000025682229455680492
144522.0 0.00002566641612854021
144396.0 0.000025650547892331063
144270.0 0.000025634624951391044
144144.0 0.00002561864751305397
144018.0 0.000025602615787667853
143892.0 0.0000255865299886135
143766.0 0.00002557039033233196
143640.0 0.000025554197038344353
143514.0 0.000025537950329273882
143388.0 0.000025521650430870847
143262.0 0.000025505297572030267
143136.0 0.000025488891984820777
143010.0 0.00002547243390450255
142884.0 0.000025455923569554716
142758.0 0.00002543936122169264
142632.0 0.000025422747105898873
142506.0 0.000025406081470440525
142380.0 0.000025389364566894604
142254.0 0.000025372596650173716
142128.0 0.000025355777978546626
142002.0 0.000025338908813664976
141876.0 0.000025321989420587955
141750.0 0.000025305020067803077
141624.0 0.000025288001027254154
141498.0 0.000025270932574362833
141372.0 0.000025253814988058614
141246.0 0.000025236648550796513
141120.0 0.000025219433548588418
140994.0 0.00002520217027102344
140868.0 0.000025184859011297235
140742.0 0.0000251675000662363
140616.0 0.000025150093736322843
140490.0 0.000025132640325719127
140364.0 0.0000251151401422962
140238.0 0.000025097593497659835
140112.0 0.00002508000070717689
139986.0 0.00002506236208999685
139860.0 0.000025044677969086287
139734.0 0.00002502694867124931
139608.0 0.000025009174527157446
139482.0 0.000024991355871375373
139356.0 0.000024973493042389433
139230.0 0.00002495558638263421
139104.0 0.000024937636238519516
138978.0 0.00002491964296045745
138852.0 0.000024901606902894257
138726.0 0.000024883528424331716
138600.0 0.000024865407887360603
138474.0 0.000024847245658690233
138348.0 0.00002482904210916699
138222.0 0.00002481079761381598
138096.0 0.00002479251255186007
137970.0 0.0000247741873067548
137844.0 0.00002475582226621569
137718.0 0.000024737417822242496
137592.0 0.00002471897437115671
137466.0 0.000024700492313628257
137340.0 0.000024681972054700194
137214.0 0.000024663414003828233
137088.0 0.00002464481857490227
136962.0 0.000024626186186279896
136836.0 0.000024607517260816966
136710.0 0.00002458881222590056
136584.0 0.00002457007151347582
136458.0 0.00002455129556007579
136332.0 0.00002453248480685798
136206.0 0.000024513639699631954
136080.0 0.000024494760688891186
135954.0 0.00002447584822984517
135828.0 0.000024456902782450658
135702.0 0.00002443792481144553
135576.0 0.000024418914786377405
135450.0 0.000024399873181638958
135324.0 0.00002438080047649894
135198.0 0.000024361697155136587
135072.0 0.00002434256370667129
134946.0 0.000024323400625197957
134820.0 0.00002430420840982122
134694.0 0.000024284987564685922
134568.0 0.000024265738599011324
134442.0 0.000024246462027125903
134316.0 0.000024227158368503272
134190.0 0.000024207828147788332
134064.0 0.000024188471894844106
133938.0 0.00002416909014477262
133812.0 0.000024149683437959334
133686.0 0.000024130252320104715
133560.0 0.000024110797342256237
133434.0 0.000024091319060848048
133308.0 0.000024071818037735655
133182.0 0.000024052294840228153
133056.0 0.000024032750041127425
132930.0 0.000024013184218758156
132804.0 0.000023993597957016654
132678.0 0.000023973991845391302
132552.0 0.000023954366479010043
132426.0 0.000023934722458671007
132300.0 0.000023915060390882972
132174.0 0.000023895380887900353
132048.0 0.00002387568456776082
131922.0 0.00002385597205432308
131796.0 0.00002383624397730243
131670.0 0.00002381650097231094
131544.0 0.00002379674368089296
131418.0 0.00002377697275056609
131292.0 0.00002375718883485645
131166.0 0.000023737392593338474
131040.0 0.000023717584691671503
130914.0 0.000023697765801644453
130788.0 0.000023677936601205742
130662.0 0.000023658097774510625
130536.0 0.00002363825001195568
130410.0 0.000023618394010219037
130284.0 0.000023598530472301007
130158.0 0.000023578660107563652
130032.0 0.000023558783631770192
129906.0 0.00002353890176712596
129780.0 0.000023519015242317723
129654.0 0.000023499124792555853
129528.0 0.000023479231159612742
129402.0 0.00002345933509186592
129276.0 0.00002343943734433683
129150.0 0.0000234195386787334
129024.0 0.000023399639863494564
128898.0 0.000023379741673823608
128772.0 0.00002335984489173822
128646.0 0.000023339950306108173
128520.0 0.000023320058712698803
128394.0 0.000023300170914210767
128268.0 0.0000232802877203265
128142.0 0.000023260409947750304
128016.0 0.000023240538420251483
127890.0 0.00002322067396870564
127764.0 0.00002320081743114328
127638.0 0.000023180969652785483
127512.0 0.00002316113148609122
127386.0 0.000023141303790804315
127260.0 0.000023121487433990036
127134.0 0.000023101683290082905
127008.0 0.000023081892240932137
126882.0 0.000023062115175841416
126756.0 0.000023042352991618565
126630.0 0.00002302260659261572
126504.0 0.000023002876890775078
126378.0 0.000022983164805676037
126252.0 0.00002296347126457669
126126.0 0.00002294379720246227
126000.0 0.000022924143562084922
125874.0 0.000022904511294017185
125748.0 0.00002288490135669144
125622.0 0.00002286531471644499
125496.0 0.00002284575234757262
125370.0 0.000022826215232362577
125244.0 0.000022806704361152684
125118.0 0.000022787220732368236
124992.0 0.00002276776535257471
124866.0 0.000022748339236518508
124740.0 0.000022728943407177865
124614.0 0.00002270957889580767
124488.0 0.000022690246741987066
124362.0 0.000022670947993664073
124236.0 0.000022651683707206224
124110.0 0.00002263245494744364
123984.0 0.000022613262787719077
123858.0 0.00002259410830993471
123732.0 0.000022574992604599112
123606.0 0.00002255591677087268
123480.0 0.000022536881916620908
123354.0 0.000022517889158455317
123228.0 0.000022498939621784754
123102.0 0.000022480034440863547
122976.0 0.000022461174758837685
122850.0 0.00002244236172779405
122724.0 0.00002242359650880696
122598.0 0.000022404880271988485
122472.0 0.00002238621419653354
122346.0 0.00002236759947077256
122220.0 0.00002234903729221169
122094.0 0.000022330528867590995
121968.0 0.0000223120754129259
121842.0 0.000022293678153558653
121716.0 0.000022275338324203484
121590.0 0.00002225705716899965
121464.0 0.00002223883594155358
121338.0 0.000022220675904994247
121212.0 0.00002220257833201779
121086.0 0.000022184544504933363
120960.0 0.00002216657571571669
120834.0 0.000022148673266055667
120708.0 0.000022130838467398376
120582.0 0.000022113072641002893
120456.0 0.000022095377117984235
120330.0 0.00002207775323936394
120204.0 0.000022060202356115668
120078.0 0.00002204272582921595
119952.0 0.000022025325029692322
119826.0 0.00002200800133866858
119700.0 0.000021990756147414473
119574.0 0.000021973590857395903
119448.0 0.000021956506880316106
119322.0 0.000021939505638170007
119196.0 0.00002192258856328926
119070.0 0.00002190575709838667
118944.0 0.000021889012696609114
118818.0 0.000021872356821579496
118692.0 0.000021855790947448755
118566.0 0.000021839316558934765
118440.0 0.000021822935151380488
118314.0 0.000021806648230786602
118188.0 0.000021790457313870962
118062.0 0.00002177436392810635
117936.0 0.000021758369611769712
117810.0 0.000021742475913984294
117684.0 0.000021726684394770973
117558.0 0.000021710996625088213
117432.0 0.000021695414186878823
117306.0 0.00002167993867311459
117180.0 0.00002166457168784098
117054.0 0.00002164931484622099
116928.0 0.000021634169774578727
116802.0 0.000021619138110442358
116676.0 0.000021604221502588314
116550.0 0.000021589421611083613
116424.0 0.00002157474010732845
116298.0 0.00002156017867409735
116172.0 0.000021545739005582102
116046.0 0.000021531422807431828
115920.0 0.000021517231796796856
115794.0 0.000021503167702362777
115668.0 0.000021489232264399026
115542.0 0.00002147542723479038
115416.0 0.00002146175437708135
115290.0 0.00002144821546651247
115164.0 0.000021434812290059646
115038.0 0.000021421546646468312
114912.0 0.000021408420346295215
114786.0 0.000021395435211943467
114660.0 0.000021382593077694648
114534.0 0.000021369895789748092
114408.0 0.000021357345206256984
114282.0 0.000021344943197354845
114156.0 0.00002133269164519811
114030.0 0.00002132059244399165
113904.0 0.000021308647500025883
113778.0 0.000021296858731703975
113652.0 0.00002128522806957422
113526.0 0.00002127375745636047
113400.0 0.000021262448846990267
113274.0 0.00002125130420862244
113148.0 0.000021240325520675397
113022.0 0.000021229514774854097
112896.0 0.00002121887397517427
112770.0 0.000021208405137986836
112644.0 0.00002119811029200483
112518.0 0.000021187991478322375
112392.0 0.00002117805075043969
112266.0 0.000021168290174280916
112140.0 0.000021158711828218822
112014.0 0.000021149317803086785
111888.0 0.000021140110202203456
111762.0 0.000021131091141384392
111636.0 0.00002112226274896166
111510.0 0.000021113627165793724
111384.0 0.000021105186545281848
111258.0 0.000021096943053382007
111132.0 0.000021088898868613902
111006.0 0.000021081056182070894
110880.0 0.000021073417197429797
110754.0 0.000021065984130956007
110628.0 0.000021058759211508515
110502.0 0.000021051744680545634
110376.0 0.00002104494279212562
110250.0 0.00002103835581290945
110124.0 0.000021031986022160086
109998.0 0.000021025835711740085
109872.0 0.00002101990718610738
109746.0 0.000021014202762311172
109620.0 0.000021008724769985516
109494.0 0.00002100347555133995
109368.0 0.00002099845746114841
109242.0 0.000020993672866740655
109116.0 0.000020989124147984893
108990.0 0.00002098481369727268
108864.0 0.000020980743919504996
108738.0 0.000020976917232066596
108612.0 0.000020973336064811898
108486.0 0.00002097000286003475
108360.0 0.000020966920072448174
108234.0 0.00002096409016915376
108108.0 0.000020961515629615192
107982.0 0.000020959198945620097
107856.0 0.000020957142621254616
107730.0 0.000020955349172861938
107604.0 0.00002095382112900125
107478.0 0.000020952561030413782
107352.0 0.000020951571429974942
107226.0 0.000020950854892646902
107100.0 0.000020950413995434774
106974.0 0.000020950251327332922
106848.0 0.0000209503694892719
106722.0 0.00002095077109406189
106596.0 0.000020951458766334756
106470.0 0.000020952435142482053
106344.0 0.000020953702870589768
106218.0 0.000020955264610373023
106092.0 0.00002095712303310276
105966.0 0.00002095928082153541
105840.0 0.00002096174066983655
105714.0 0.0000209645052834989
105588.0 0.000020967577379261627
105462.0 0.000020970959685026296
105336.0 0.000020974654939764215
105210.0 0.000020978665893427663
105084.0 0.000020982995306852002
104958.0 0.00002098764595165818
104832.0 0.000020992620610148028
104706.0 0.000020997922075201975
104580.0 0.000021003553150164537
104454.0 0.00002100951664873481
104328.0 0.00002101581539484785
104202.0 0.000021022452222551997
104076.0 0.000021029429975887233
103950.0 0.0000210367515087536
103824.0 0.000021044419684781343
103698.0 0.000021052437377190243
103572.0 0.000021060807468650606
103446.0 0.00002106953285113996
103320.0 0.000021078616425790038
103194.0 0.00002108806110273367
103068.0 0.000021097869800949658
102942.0 0.00002110804544809544
102816.0 0.000021118590980342693
102690.0 0.00002112950934220458
102564.0 0.000021140803486359116
102438.0 0.00002115247637346717
102312.0 0.000021164530971987775
102186.0 0.00002117697025798382
102060.0 0.000021189797214928674
101934.0 0.000021203014833505606
101808.0 0.000021216626111396973
101682.0 0.000021230634053075182
101556.0 0.000021245041669589475
101430.0 0.000021259851978335846
101304.0 0.00002127506800283524
101178.0 0.00002129069277249861
101052.0 0.000021306729322385236
100926.0 0.000021323180692963202
100800.0 0.000021340049929855178
100674.0 0.000021357340083582805
100548.0 0.000021375054209304906
100422.0 0.000021393195366551123
100296.0 0.00002141176661894341
100170.0 0.00002143077103392048
100044.0 0.000021450211682447564
99918.0 0.00002147009163872463
99792.0 0.000021490413979887723
99666.0 0.000021511181785702053
99540.0 0.000021532398138250595
99414.0 0.00002155406612161442
99288.0 0.000021576188821545623
99162.0 0.000021598769325138756
99036.0 0.000021621810720486073
98910.0 0.000021645316096336328
98784.0 0.00002166928854173601
98658.0 0.00002169373114567442
98532.0 0.000021718646996710864
98406.0 0.000021744039182603326
98280.0 0.000021769910789924275
98154.0 0.000021796264903671257
98028.0 0.000021823104606867738
97902.0 0.000021850432980164278
97776.0 0.000021878253101416612
97650.0 0.000021906568045274206
97524.0 0.00002193538088274675
97398.0 0.00002196469468077112
97272.0 0.000021994512501764012
97146.0 0.000022024837403173572
97020.0 0.000022055672437020628
96894.0 0.00002208702064942237
96768.0 0.000022118885080125588
96642.0 0.00002215126876201703
96516.0 0.000022184174720629356
96390.0 0.000022217605973644802
96264.0 0.000022251565530377245
96138.0 0.000022286056391261967
96012.0 0.00002232108154732245
95886.0 0.00002235664397964052
95760.0 0.000022392746658802717
95634.0 0.000022429392544356458
95508.0 0.000022466584584243675
95382.0 0.00002250432571422838
95256.0 0.000022542618857321114
95130.0 0.000022581466923185323
95004.0 0.000022620872807543945
94878.0 0.000022660839391569635
94752.0 0.00002270136954126982
94626.0 0.00002274246610686227
94500.0 0.000022784131922139615
94374.0 0.000022826369803826675
94248.0 0.00002286918255093175
94122.0 0.000022912572944077022
93996.0 0.00002295654374483523
93870.0 0.00002300109769504665
93744.0 0.00002304623751613003
93618.0 0.000023091965908385898
93492.0 0.000023138285550284326
93366.0 0.000023185199097754033
93240.0 0.00002323270918345403
93114.0 0.00002328081841603759
92988.0 0.000023329529379409185
92862.0 0.00002337884463197154
92736.0 0.000023428766705861417
92610.0 0.00002347929810618177
92484.0 0.0000235304413102185
92358.0 0.000023582198766651622
92232.0 0.00002363457289475901
92106.0 0.00002368756608360788
91980.0 0.000023741180691239662
91854.0 0.00002379541904384692
91728.0 0.0000238502834349401
91602.0 0.00002390577612450632
91476.0 0.000023961899338159692
91350.0 0.0000240186552662861
91224.0 0.000024076046063175753
91098.0 0.00002413407384614963
90972.0 0.000024192740694679976
90846.0 0.000024252048649499777
90720.0 0.000024311999711708827
90594.0 0.00002437259584186729
90468.0 0.000024433838959089206
90342.0 0.00002449573094012038
90216.0 0.000024558273618419508
90090.0 0.00002462146878322247
89964.0 0.00002468531817860999
89838.0 0.000024749823502564662
89712.0 0.00002481498640601899
89586.0 0.0000248808084919066
89460.0 0.000024947291314199072
89334.0 0.000025014436376946708
89208.0 0.00002508224513330763
89082.0 0.000025150718984574556
88956.0 0.000025219859279203527
88830.0 0.00002528966731182805
88704.0 0.00002536014432228149
88578.0 0.00002543129149460887
88452.0 0.000025503109956080238
88326.0 0.000025575600776202378
88200.0 0.000025648764965723597
88074.0 0.00002572260347564885
87948.0 0.000025797117196241027
87822.0 0.000025872306956031457
87696.0 0.00002594817352082619
87570.0 0.000026024717592717625
87444.0 0.00002610193980909412
87318.0 0.000026179840741652425
87192.0 0.00002625842089541433
87066.0 0.00002633768070774384
86940.0 0.000026417620547372532
86814.0 0.000026498240713423314
86688.0 0.000026579541434449555
86562.0 0.00002666152286746785
86436.0 0.000026744185097005018
86310.0 0.000026827528134152208
86184.0 0.000026911551915626984
86058.0 0.000026996256302838698
85932.0 0.000027081641080971373
85806.0 0.000027167705958074787
85680.0 0.000027254450564160634
85554.0 0.000027341874450320928
85428.0 0.000027429977087853607
85302.0 0.000027518757867399174
85176.0 0.000027608216098101125
85050.0 0.000027698351006771823
84924.0 0.00002778916173708346
84798.0 0.00002788064734877159
84672.0 0.000027972806816858527
84546.0 0.0000280656390308963
84420.0 0.000028159142794234623
84294.0 0.000028253316823298064
84168.0 0.000028348159746902504
84042.0 0.000028443670105582943
83916.0 0.000028539846350951456
83790.0 0.000028636686845077187
83664.0 0.00002873418985990031
83538.0 0.00002883235357666745
83412.0 0.000028931176085400765
83286.0 0.000029030655384391337
83160.0 0.000029130789379733546
83034.0 0.000029231575884883355
82908.0 0.000029333012620256296
82782.0 0.000029435097212858327
82656.0 0.000029537827195952203
82530.0 0.000029641200008763772
82404.0 0.000029745212996225428
82278.0 0.000029849863408757445
82152.0 0.00002995514840209582
82026.0 0.000030061065037158316
81900.0 0.00003016761027995542
81774.0 0.000030274781001542577
81648.0 0.000030382573978026876
81522.0 0.00003049098589061148
81396.0 0.00003060001332569352
81270.0 0.00003070965277500868
81144.0 0.000030819900635831305
81018.0 0.000030930753211221
80892.0 0.000031042206710322204
80766.0 0.00003115425724872521
80640.0 0.000031266900848869596
80514.0 0.00003138013344051684
80388.0 0.00003149395086127143
80262.0 0.00003160834885716276
80136.0 0.00003172332308328796
80010.0 0.00003183886910451541
79884.0 0.000031954982396241713
79758.0 0.00003207165834522397
79632.0 0.00003218889225045979
79506.0 0.000032306679324145315
79380.0 0.000032425014692689375
79254.0 0.000032543893397791805
79128.0 0.00003266331039759594
79002.0 0.00003278326056789794
78876.0 0.00003290373870343141
78750.0 0.00003302473951921342
78624.0 0.00003314625765196337
78498.0 0.00003326828766159163
78372.0 0.00003339082403274959
78246.0 0.000033513861176457594
78120.0 0.00003363739343179962
77994.0 0.000033761415067687195
77868.0 0.000033885920284692586
77742.0 0.000034010903216956585
77616.0 0.000034136357934161185
77490.0 0.0000342622784435788
77364.0 0.000034388658692181274
77238.0 0.000034515492568830664
77112.0 0.00003464277390653507
76986.0 0.000034770496484770546
76860.0 0.00003489865403187267
76734.0 0.000035027240227504944
76608.0 0.000035156248705183706
76482.0 0.000035285673054875984
76356.0 0.00003541550682566894
76230.0 0.000035545743528490234
76104.0 0.0000356763766389125
75978.0 0.000035807399600007426
75852.0 0.00003593880582526967
75726.0 0.000036070588701602114
75600.0 0.00003620274159235759
75474.0 0.00003633525784045
75348.0 0.000036468130771512174
75222.0 0.00003660135369712092
75096.0 0.0000367349199180704
74970.0 0.00003686882272770526
74844.0 0.00003700305541530014
74718.0 0.00003713761126949943
74592.0 0.00003727248358179251
74466.0 0.00003740766565005299
74340.0 0.00003754315078210927
74214.0 0.0000376789322993678
74088.0 0.00003781500354047079
73962.0 0.00003795135786500572
73836.0 0.000038087988657236986
73710.0 0.00003822488932988276
73584.0 0.00003836205332792845
73458.0 0.000038499474132458506
73332.0 0.00003863714526453601
73206.0 0.00003877506028908495
73080.0 0.00003891321281882053
72954.0 0.00003905159651818572
72828.0 0.000039190205107317025
72702.0 0.000039329032366018986
72576.0 0.00003946807213775938
72450.0 0.000039607318333677346
72324.0 0.000039746764936594456
72198.0 0.00003988640600504366
72072.0 0.000040026235677291816
71946.0 0.00004016624817537425
71820.0 0.00004030643780912054
71694.0 0.000040446798980186095
71568.0 0.000040587326186072025
71442.0 0.00004072801402414172
71316.0 0.00004086885719562073
71190.0 0.00004100985050959388
71064.0 0.00004115098888697934
70938.0 0.00004129226736448637
70812.0 0.00004143368109855601
70686.0 0.000041575225369279155
70560.0 0.00004171689558428542
70434.0 0.00004185868728260835
70308.0 0.000042000596138524644
70182.0 0.000042142617965354836
70056.0 0.000042284748719236163
69930.0 0.00004242698450285437
69804.0 0.000042569321569143646
69678.0 0.00004271175632494171
69552.0 0.000042854285334602645
69426.0 0.00004299690532357231
69300.0 0.00004313961318191026
69174.0 0.00004328240596776764
69048.0 0.000043425280910815366
68922.0 0.00004356823541562223
68796.0 0.00004371126706497944
68670.0 0.000043854373623169916
68544.0 0.00004399755303918697
68418.0 0.00004414080344988453
68292.0 0.00004428412318308753
68166.0 0.0000444275107606221
68040.0 0.00004457096490130157
67914.0 0.000044714484523841546
67788.0 0.00004485806874971744
67662.0 0.000045001716905949005
67536.0 0.0000451454285278352
67410.0 0.000045289203361611065
67284.0 0.000045433041367043156
67158.0 0.0000455769427199577
67032.0 0.00004572090781470388
66906.0 0.000045864937266545923
66780.0 0.00004600903191398883
66654.0 0.0000461531928210353
66528.0 0.00004629742127937532
66402.0 0.00004644171881050359
66276.0 0.00004658608716777432
66150.0 0.00004673052833837957
66024.0 0.000046875044545265216
65898.0 0.00004701963824897401
65772.0 0.000047164312149423555
65646.0 0.00004730906918761291
65520.0 0.000047453912547264
65394.0 0.00004759884565639301
65268.0 0.00004774387218881965
65142.0 0.000047888996065601676
65016.0 0.000048034221456414975
64890.0 0.00004817955278085729
64764.0 0.00004832499470969548
64638.0 0.0000484705521660415
64512.0 0.00004861623032648084
64386.0 0.00004876203462211615
64260.0 0.000048907970739570404
64134.0 0.00004905404462191596
64008.0 0.000049200262469556855
63882.0 0.00004934663074104098
63756.0 0.0000494931561538242
63630.0 0.000049639845684971924
63504.0 0.00004978670657181406
63378.0 0.00004993374631254239
63252.0 0.00005008097266675017
63126.0 0.00005022839365592864
63000.0 0.0000503760175639161
62874.0 0.000050523852937289154
62748.0 0.000050671908585711743
62622.0 0.000050820193582242675
62496.0 0.000050968717263591285
62370.0 0.00005111748923033808
62244.0 0.000051266519347106675
62118.0 0.00005141581774270284
61992.0 0.00005156539481020575
61866.0 0.00005171526120703672
61740.0 0.000051865427854974064
61614.0 0.000052015905940153044
61488.0 0.00005216670691301538
61362.0 0.00005231784248824197
61236.0 0.000052469324644644265
61110.0 0.00005262116562503908
60984.0 0.000052773377936085596
60858.0 0.00005292597434810645
60732.0 0.000053078967894876825
60606.0 0.00005323237187339928
60480.0 0.00005338619984365085
60354.0 0.000053540465628316156
60228.0 0.00005369518331249718
60102.0 0.0000538503672434136
59976.0 0.00005400603203008205
59850.0 0.00005416219254298329
59724.0 0.00005431886391371852
59598.0 0.000054476061534655624
59472.0 0.00005463380105856082
59346.0 0.00005479209839823
59220.0 0.00005495096972610919
59094.0 0.00005511043147390496
58968.0 0.00005527050033220126
58842.0 0.000055431193250064393
58716.0 0.00005559252743465144
58590.0 0.00005575452035081883
58464.0 0.00005591718972072572
58338.0 0.000056080553523448815
58212.0 0.00005624462999459046
58086.0 0.00005640943762590609
57960.0 0.000056574995164920844
57834.0 0.00005674132161456318
57708.0 0.00005690843623280473
57582.0 0.00005707635853231249
57456.0 0.00005724510828010148
57330.0 0.00005741470549721379
57204.0 0.00005758517045839625
57078.0 0.0000577565236918024
56952.0 0.00005792878597870231
56826.0 0.0000581019783532104
56700.0 0.000058276122102030725
56574.0 0.000058451238764221874
56448.0 0.00005862735013097467
56322.0 0.000058804478245417736
56196.0 0.0000589826454024348
56070.0 0.00005916187414851247
55944.0 0.0000593421872816015
55818.0 0.000059523607851011244
55692.0 0.00005970615915732125
55566.0 0.00005988986475231913
55440.0 0.0000600747484389693
55314.0 0.00006026083427140213
55188.0 0.00006044814655493596
55062.0 0.00006063670984612353
54936.0 0.0000608265489528327
54810.0 0.000061017688934353205
54684.0 0.00006121015510153745
54558.0 0.00006140397301697394
54432.0 0.00006159916849518614
54306.0 0.00006179576760287785
54180.0 0.0000619937966592003
54054.0 0.00006219328223606006
53928.0 0.00006239425115846651
53802.0 0.00006259673050490617
53676.0 0.00006280074760776913
53550.0 0.00006300633005379315
53424.0 0.00006321350568457216
53298.0 0.00006342230259707907
53172.0 0.00006363274914425198
53046.0 0.00006384487393560431
52920.0 0.00006405870583788604
52794.0 0.00006427427397579027
52668.0 0.0000644916077326941
52542.0 0.00006471073675145418
52416.0 0.00006493169093524067
52290.0 0.00006515450044842338
52164.0 0.00006537919571749814
52038.0 0.0000656058074320708
51912.0 0.00006583436654587839
51786.0 0.0000660649042778731
51660.0 0.00006629745211334658
51534.0 0.00006653204180510787
51408.0 0.00006676870537472117
51282.0 0.00006700747511378831
51156.0 0.0000672483835852889
51030.0 0.00006749146362497734
50904.0 0.00006773674834283662
50778.0 0.00006798427112458615
50652.0 0.00006823406563325042
50526.0 0.00006848616581078967
50400.0 0.00006874060587978769
50274.0 0.00006899742034519999
50148.0 0.00006925664399617674
50022.0 0.00006951831190792852
49896.0 0.00006978245944368228
49770.0 0.00007004912225668638
49644.0 0.00007031833629228819
49518.0 0.00007059013779008521
49392.0 0.0000708645632861448
49266.0 0.00007114164961529538
49140.0 0.00007142143391348543
49014.0 0.00007170395362023456
48888.0 0.00007198924648113966
48762.0 0.0000722773505504741
48636.0 0.000072568304193865
48510.0 0.00007286214609104776
48384.0 0.00007315891523870167
48258.0 0.00007345865095338095
48132.0 0.00007376139287452194
48006.0 0.0000740671809675457
47880.0 0.0000743760555270484
47754.0 0.00007468805718008158
47628.0 0.0000750032268895354
47502.0 0.00007532160595761012
47376.0 0.00007564323602939306
47250.0 0.00007596815909653133
47124.0 0.00007629641750101178
46998.0 0.00007662805393904538
46872.0 0.0000769631114650629
46746.0 0.00007730163349581723
46620.0 0.00007764366381459935
46494.0 0.00007798924657557544
46368.0 0.00007833842630824243
46242.0 0.0000786912479219948
46116.0 0.00007904775671083049
45990.0 0.00007940799835817839
45864.0 0.00007977201894185638
45738.0 0.00008013986493915986
45612.0 0.00008051158323209947
45486.0 0.00008088722111276452
45360.0 0.0000812668262888408
45234.0 0.00008165044688927342
45108.0 0.00008203813147008391
44982.0 0.00008242992902033281
44856.0 0.00008282588896825604
44730.0 0.00008322606118755184
44604.0 0.00008363049600384383
44478.0 0.00008403924420130497
44352.0 0.00008445235702947075
44226.0 0.00008486988621022267
44100.0 0.00008529188394495775
43974.0 0.00008571840292195368
43848.0 0.00008614949632391756
43722.0 0.00008658521783574147
43596.0 0.00008702562165246208
43470.0 0.00008747076248742483
43344.0 0.00008792069558066528
43218.0 0.00008837547670750722
43092.0 0.00008883516218739031
42966.0 0.00008929980889292566
42840.0 0.00008976947425918821
42714.0 0.00009024421629324692
42588.0 0.00009072409358395189
42462.0 0.00009120916531196586
42336.0 0.00009169949126006293
42210.0 0.000092195131823688
42084.0 0.00009269614802179484
41958.0 0.00009320260150794933
41832.0 0.00009371455458174117
41706.0 0.00009423207020045966
41580.0 0.0000947552119910923
41454.0 0.00009528404426261041
41328.0 0.0000958186320185774
41202.0 0.00009635904097006557
41076.0 0.0000969053375489073
40950.0 0.00009745758892127233
40824.0 0.00009801586300158049
40698.0 0.000098580228466771
40572.0 0.0000991507547709046
40446.0 0.00009972751216014068
40320.0 0.00010031057168807257
40194.0 0.00010090000523142608
40068.0 0.0001014958855061501
39942.0 0.00010209828608387971
39816.0 0.00010270728140878496
39690.0 0.00010332294681482492
39564.0 0.00010394535854338928
39438.0 0.00010457459376135952
39312.0 0.00010521073057956029
39186.0 0.00010585384807163747
39060.0 0.00010650402629335143
38934.0 0.00010716134630228021
38808.0 0.00010782589017796557
38682.0 0.00010849774104246025
38556.0 0.0001091769830813171
38430.0 0.00010986370156500259
38304.0 0.0001105579828707312
38178.0 0.00011125991450472359
38052.0 0.00011196958512489776
37926.0 0.00011268708456397139
37800.0 0.00011341250385297149
37674.0 0.00011414593524517148
37548.0 0.00011488747224041419
37422.0 0.00011563720960982614
37296.0 0.00011639524342092697
37170.0 0.00011716167106308482
37044.0 0.00011793659127335038
36918.0 0.00011872010416261163
36792.0 0.00011951231124207156
36666.0 0.00012031331545002474
36540.0 0.00012112322117890078
36414.0 0.00012194213430256365
36288.0 0.00012277016220381585
36162.0 0.00012360741380209063
36036.0 0.00012445399958129085
35910.0 0.00012531003161773944
35784.0 0.00012617562360816168
35658.0 0.00012705089089772975
35532.0 0.00012793595050801727
35406.0 0.0001288309211648921
35280.0 0.00012973592332622067
35154.0 0.00013065107920936551
35028.0 0.00013157651281837566
34902.0 0.00013251234997077658
34776.0 0.0001334587183239228
34650.0 0.00013441574740075663
34524.0 0.00013538356861494198
34398.0 0.00013636231529520613
34272.0 0.00013735212270881114
34146.0 0.0001383531280840251
34020.0 0.0001393654706314505
33894.0 0.0001403892915640997
33768.0 0.00014142473411603453
33642.0 0.00014247194355942392
33516.0 0.00014353106721987742
33390.0 0.0001446022544898373
33264.0 0.00014568565683986803
33138.0 0.0001467814278276349
33012.0 0.0001478897231043649
32886.0 0.00014901070041856295
32760.0 0.00015014451961675862
32634.0 0.00015129134264103296
32508.0 0.0001524513335230689
32382.0 0.00015362465837445824
32256.0 0.0001548114853729835
32130.0 0.0001560119847445717
32004.0 0.0001572263287406326
31878.0 0.00015845469161043996
31752.0 0.00015969724956823726
31626.0 0.0001609541807547304
31500.0 0.00016222566519258908
31374.0 0.00016351188473562214
31248.0 0.0001648130230112186
31122.0 0.0001661292653556855
30996.0 0.00016746079874209284
30870.0 0.00016880781170017977
30744.0 0.00017017049422797943
30618.0 0.00017154903769466548
30492.0 0.00017294363473425322
30366.0 0.0001743544791297202
30240.0 0.00017578176568708577
30114.0 0.00017722569009907048
29988.0 0.00017868644879788067
29862.0 0.00018016423879673387
29736.0 0.0001816592575196511
29610.0 0.00018317170261924088
29484.0 0.00018470177178196037
29358.0 0.00018624966252059908
29232.0 0.00018781557195362303
29106.0 0.00018939969657102672
28980.0 0.00019100223198650857
28854.0 0.00019262337267568196
28728.0 0.00019426331170014445
28602.0 0.0001959222404172957
28476.0 0.00019760034817580324
28350.0 0.00019929782199674853
28224.0 0.00020101484624048265
28098.0 0.00020275160225935882
27972.0 0.00020450826803661477
27846.0 0.00020628501781169088
27720.0 0.00020808202169251153
27594.0 0.0002098994452552669
27468.0 0.0002117374491324194
27342.0 0.00021359618858982033
27216.0 0.00021547581309393278
27090.0 0.0002173764658703983
26964.0 0.00021929828345527812
26838.0 0.00022124139524060278
26712.0 0.00022320592301604654
26586.0 0.00022519198050870967
26460.0 0.00022719967292338458
26334.0 0.00022922909648580606
26208.0 0.00023128033799179609
26082.0 0.00023335347436542205
25956.0 0.00023544857222973758
25830.0 0.00023756568749387107
25704.0 0.00023970486496075553
25578.0 0.00024186613796010802
25452.0 0.0002440495280117061
25326.0 0.00024625504452443646
25200.0 0.00024848268453713304
25074.0 0.000250732432507658
24948.0 0.0002530042601572066
24822.0 0.000255298126377459
24696.0 0.00025761397720868974
24570.0 0.0002599517458976263
24444.0 0.0002623113530445225
24318.0 0.0002646927068495214
24192.0 0.0002670957034692088
24066.0 0.0002695202274949186
23940.0 0.00027196615256524554
23814.0 0.0002744333421259554
23688.0 0.0002769216503514369
23562.0 0.0002794309232427129
23436.0 0.00028196099991798277
23310.0 0.0002845117141126294
23184.0 0.00028708289590677533
23058.0 0.0002896743736993334
22932.0 0.0002922859764488438
22806.0 0.0002949175362023415
22680.0 0.00029756889093481335
22554.0 0.0003002398877229663
22428.0 0.0003029303862782949
22302.0 0.00030564026286571713
22176.0 0.0003083694146353961
22050.0 0.00031111776439660165
21924.0 0.0003138852658639672
21798.0 0.0003166719094076482
21672.0 0.00031947772834046794
21546.0 0.00032230280577625833
21420.0 0.000325147282095096
21294.0 0.00032801136305230454
21168.0 0.0003308953285693459
21042.0 0.000333799542245944
20916.0 0.00033672446163367936
20790.0 0.00033967064931243534
20664.0 0.00034263878481168627
20538.0 0.0003456296774193642
20412.0 0.0003486442799213135
20286.0 0.0003516837033146113
20160.0 0.00035474923253778185
20034.0 0.0003578423432604481
19908.0 0.0003609647197740746
19782.0 0.0003641182740240642
19656.0 0.00036730516582154395
19530.0 0.00037052782427072036
19404.0 0.0003737889704443792
19278.0 0.0003770916413362711
19152.0 0.00038043921511414497
19026.0 0.0003838354376914899
18900.0 0.0003872844506290939
18774.0 0.00039079082036946644
18648.0 0.00039435956879779554
18522.0 0.00039799620511225104
18396.0 0.00040170675897400836
18270.0 0.0004054978148932686
18144.0 0.00040937654779154035
18018.0 0.00041335075966242383
17892.0 0.0004174289172330376
17766.0 0.00042162019050576946
17640.0 0.00042593449203519784
17514.0 0.00043038251676769866
17388.0 0.0004349757822411403
17262.0 0.0004397266689094638
17136.0 0.000444648460321339
17010.0 0.0004497553828438472
16884.0 0.0004550626445809778
16758.0 0.00046058647309313186
16632.0 0.00046634415147735626
16506.0 0.00047235405231946123
16380.0 0.00047863566897859825
16254.0 0.00048520964361248894
16128.0 0.0004920977912983227
16002.0 0.0004993231195504818
15876.0 0.0005069098424830071
15750.0 0.0005148833888126845
15624.0 0.0005232704028492043
15498.0 0.0005320987375731634
15372.0 0.000541397438862512
15246.0 0.000551196719894622
15120.0 0.0005615279247271989
14994.0 0.0005724234800478071
14868.0 0.0005839168340820968
14742.0 0.0005960423816666274
14616.0 0.0006088353745261855
14490.0 0.0006223318158502821
14364.0 0.0006365683383413614
14238.0 0.0006515820650107244
14112.0 0.000667410452129097
13986.0 0.0006840911138990541
13860.0 0.0007016616286072403
13734.0 0.0007201593262359127
13608.0 0.0007396210577656105
13482.0 0.0007600829466818448
13356.0 0.0007815801235063987
13230.0 0.0008041464445037059
13104.0 0.0008278141960594204
12978.0 0.0008526137865843658
12852.0 0.0008785734281537557
12726.0 0.0009057188104385588
12600.0 0.000934072769811097
12474.0 0.0009636549567972288
12348.0 0.0009944815052894379
12222.0 0.001026564707113206
12096.0 0.0010599126956405682
11970.0 0.00109452914215466
11844.0 0.001130412968576331
11718.0 0.00116755807995807
11592.0 0.0012059531198241073
11466.0 0.0012455812509849608
11340.0 0.0012864199638797744
11214.0 0.0013284409138051739
11088.0 0.0013716097875859186
10962.0 0.0014158861993470422
10836.0 0.0014612236140865119
10710.0 0.0015075692967592936
10584.0 0.0015548642836232655
10458.0 0.0016030433717402835
10332.0 0.0016520351218794328
10206.0 0.0017017618697773656
10080.0 0.0017521397409669842
9954.0 0.0018030786654388998
9828.0 0.0018544823905629361
9702.0 0.0019062484943404066
9576.0 0.001958268406603791
9450.0 0.0020104274536677535
9324.0 0.002062604952578001
9198.0 0.0021146743948164564
9072.0 0.002166503776231266
8946.0 0.0022179561499049275
8820.0 0.002268890501097943
8694.0 0.002319163067268664
8568.0 0.0023686292498664415
8442.0 0.00241714628582415
8316.0 0.0024645768620934713
8190.0 0.0025107938607808497
8064.0 0.0025556864055275544
7938.0 0.0025991673217718595
7812.0 0.0026411819837694546
7686.0 0.0026817182204918128
7560.0 0.0027208163501054494
7434.0 0.0027585772973625898
7308.0 0.0027951649062850975
7182.0 0.002830796072912145
7056.0 0.0028657103071447927
6930.0 0.0029001120430479812
6804.0 0.0029340897998511688
6678.0 0.0029675386317865866
6552.0 0.0030001345355365264
6426.0 0.0030314022571553906
6300.0 0.0030608635571041983
6174.0 0.00308818868597492
6048.0 0.003113268331307982
5922.0 0.003136186203253311
5796.0 0.003157136258569585
5670.0 0.003176340180457676
5544.0 0.0031939939529235443
5418.0 0.003210244888933214
5292.0 0.0032251886801856074
5166.0 0.003238875954364712
5040.0 0.003251321630222643
4914.0 0.0032625138297477253
4788.0 0.0032724212188905764
4662.0 0.00328099866725206
4536.0 0.0032881915051724657
4410.0 0.003293938744863446
4284.0 0.003298175602168306
4158.0 0.003300835591988755
4032.0 0.003301852407254591
3906.0 0.0033011617388923843
3780.0 0.0032987031532472704
3654.0 0.0032944221111014757
3528.0 0.0032882721852374656
3402.0 0.0032802175078921274
3276.0 0.00327023545221408
3150.0 0.00325831952010756
3024.0 0.0032444823702510004
2898.0 0.00322875887308395
2772.0 0.0032112090241635406
2646.0 0.0031919204861823006
2520.0 0.0031710104700653865
2394.0 0.0031486266199628682
2268.0 0.0031249465560495367
2142.0 0.003100175780054045
2016.0 0.0030745437906992052
1890.0 0.0030482985103227117
1764.0 0.0030216994843085855
1638.0 0.0029950107310138716
1512.0 0.0029684944889895935
1386.0 0.0029424073020274904
1260.0 0.0029169998284578843
1134.0 0.002892521595613705
1008.0 0.0028692322442535364
882.0 0.0028474232239736044
756.0 0.0028274626256834115
630.0 0.002809903409244929
504.0 0.0027957839163362513
378.0 0.0027875526927636798
252.0 0.00279211211217023
126.0 0.0028304638329420813
0.0 0.0034074811076576874
