1886371.0 0.0004172703289492409
1885742.0 0.0004167032119700669
1885113.0 0.00041616619583655665
1884484.0 0.0004157029477937989
1883855.0 0.00041540593244801635
1883226.0 0.0004153823801707184
1882597.0 0.00041576553542737346
1881968.0 0.00041674859926875033
1881339.0 0.00041851925327995496
1880710.0 0.00042132600169258035
1880081.0 0.0004253490748421831
1879452.0 0.00043073023621641155
1878823.0 0.00043738526644787444
1878194.0 0.0004455833695137857
1877565.0 0.0004549272346095723
1876936.0 0.00046455757933258504
1876307.0 0.00047399321123196776
1875678.0 0.0004829419402051131
1875049.0 0.0004909585599893077
1874420.0 0.0004974503987983651
1873791.0 0.0005019333994470672
1873162.0 0.0005042226101253238
1872533.0 0.0005043668912868674
1871904.0 0.0005025079584629034
1871275.0 0.0004987730215297178
1870646.0 0.0004933388683100821
1870017.0 0.00048667743017726585
1869388.0 0.00047966173836084646
1868759.0 0.0004733446777157333
1868130.0 0.00046844643243378975
1867501.0 0.00046499719059632456
1866872.0 0.00046250918490582015
1866243.0 0.0004604780448950795
1865614.0 0.00045859149929891715
1864985.0 0.0004566214065237804
1864356.0 0.0004543694936871861
1863727.0 0.00045174726760275567
1863098.0 0.00044880033028738535
1862469.0 0.0004456080986842438
1861840.0 0.0004422184354547729
1861211.0 0.0004386374362681345
1860582.0 0.00043487612889951574
1859953.0 0.0004309611122154156
1859324.0 0.0004269234701375133
1858695.0 0.0004227746265576705
1858066.0 0.0004185134358227201
1857437.0 0.00041411821299191306
1856808.0 0.00040957387796285215
1856179.0 0.0004049048619111575
1855550.0 0.00040016283678493287
1854921.0 0.00039538345794528794
1854292.0 0.00039052401409076973
1853663.0 0.00038548785586737177
1853034.0 0.0003802577725248647
1852405.0 0.00037495781856155245
1851776.0 0.000369725363453485
1851147.0 0.0003646492014029218
1850518.0 0.0003598874718408781
1849889.0 0.0003558190876698193
1849260.0 0.00035301711369772643
1848631.0 0.0003518701787605858
1848002.0 0.00035217413829799184
1847373.0 0.00035334663393315953
1846744.0 0.00035482920598743574
1846115.0 0.0003562837589224855
1845486.0 0.00035754663586900077
1844857.0 0.00035856008092556064
1844228.0 0.00035931580227058273
1843599.0 0.0003598263643793276
1842970.0 0.0003601109676003206
1842341.0 0.00036018748150515724
1841712.0 0.0003600664019995895
1841083.0 0.00035975848840020646
1840454.0 0.0003592694485431253
1839825.0 0.0003586194381677063
1839196.0 0.000357815287075304
1838567.0 0.0003568444746377407
1837938.0 0.0003556579812682082
1837309.0 0.0003541674480043258
1836680.0 0.0003523629064671171
1836051.0 0.0003503648237112453
1835422.0 0.0003483460955379317
1834793.0 0.0003462395797992391
1834164.0 0.0003434166171845283
1833535.0 0.00033890913316780196
1832906.0 0.0003325521523102439
1832277.0 0.0003261537603253906
1831648.0 0.0003231128196590876
1831019.0 0.0003241960254217164
1830390.0 0.0003143743309856106
1829761.0 0.00027522854059109205
1829132.0 0.00029721512420881167
1828503.0 0.0003180607403172755
1827874.0 0.0003311663308551077
1827245.0 0.0003400987549036782
1826616.0 0.000346618300474538
1825987.0 0.0003516174185469565
1825358.0 0.00035559676787637524
1824729.0 0.00035884482772417954
1824100.0 0.0003615454108626858
1823471.0 0.0003638283717360551
1822842.0 0.0003657775225266772
1822213.0 0.0003674617152091186
1821584.0 0.00036892991101090597
1820955.0 0.0003702145967481531
1820326.0 0.00037135102058706625
1819697.0 0.0003723565243630185
1819068.0 0.0003732528963100803
1818439.0 0.0003740551268056987
1817810.0 0.0003747766068179917
1817181.0 0.0003754151607304894
1816552.0 0.0003760003011723568
1815923.0 0.0003765273288721741
1815294.0 0.0003770040366778117
1814665.0 0.00037743024709544973
1814036.0 0.0003778230256844064
1813407.0 0.00037817455843640346
1812778.0 0.0003784909282729329
1812149.0 0.00037877872532093675
1811520.0 0.0003790462556689478
1810891.0 0.00037927589898741656
1810262.0 0.00037949051672216935
1809633.0 0.0003796832378460534
1809004.0 0.0003798500384588278
1808375.0 0.0003800064838843073
1807746.0 0.00038014087744635446
1807117.0 0.00038025458541660084
1806488.0 0.00038036265182167506
1805859.0 0.0003804510948645481
1805230.0 0.0003805281354926042
1804601.0 0.000380594644367243
1803972.0 0.0003806474686243814
1803343.0 0.00038068970381190717
1802714.0 0.00038071836324304133
1802085.0 0.00038074119694338476
1801456.0 0.00038075003508360314
1800827.0 0.00038076211442311815
1800198.0 0.00038075154787703614
1799569.0 0.00038073928637943726
1798940.0 0.0003807154653080773
1798311.0 0.0003806949755227583
1797682.0 0.0003806564258624011
1797053.0 0.0003806093776135184
1796424.0 0.00038055643329857567
1795795.0 0.0003805158843294003
1795166.0 0.00038044888327821443
1794537.0 0.0003803866709629894
1793908.0 0.00038030805768877963
1793279.0 0.00038023221451744785
1792650.0 0.000380154197135521
1792021.0 0.00038006740120018445
1791392.0 0.0003799867141756713
1790763.0 0.0003798871423120522
1790134.0 0.0003797737263681816
1789505.0 0.00037967679745746884
1788876.0 0.0003795905818592643
1788247.0 0.00037946655862961437
1787618.0 0.0003793438094254516
1786989.0 0.00037924136451326294
1786360.0 0.00037912013151993783
1785731.0 0.00037899844163854097
1785102.0 0.00037886316319432704
1784473.0 0.00037874857661898356
1783844.0 0.00037861021083274025
1783215.0 0.0003784818024791268
1782586.0 0.00037834234005450326
1781957.0 0.0003782104278441908
1781328.0 0.00037806117317055945
1780699.0 0.0003779173414116753
1780070.0 0.00037779352794279134
1779441.0 0.0003776304176278801
1778812.0 0.0003775001499098247
1778183.0 0.000377330653756562
1777554.0 0.00037718883931622626
1776925.0 0.00037704623348108974
1776296.0 0.00037689004542477246
1775667.0 0.0003767460195475474
1775038.0 0.000376568774379413
1774409.0 0.00037642660609838883
1773780.0 0.0003762520276663783
1773151.0 0.0003761122998668376
1772522.0 0.00037596493756957103
1771893.0 0.0003757907537948031
1771264.0 0.00037562681082431524
1770635.0 0.0003754724395785297
1770006.0 0.0003753254388373286
1769377.0 0.00037515159743508583
1768748.0 0.00037500364887217154
1768119.0 0.0003748313515464696
1767490.0 0.0003746378943188886
1766861.0 0.00037448499443880345
1766232.0 0.0003743586656498334
1765603.0 0.00037415418291304427
1764974.0 0.0003739807354823994
1764345.0 0.0003738118478827198
1763716.0 0.0003736486614079475
1763087.0 0.00037345429297215067
1762458.0 0.0003732939890711111
1761829.0 0.00037310367035436583
1761200.0 0.00037295101930950327
1760571.0 0.00037271518166594544
1759942.0 0.0003725479977379218
1759313.0 0.0003723751086724321
1758684.0 0.00037219388868929695
1758055.0 0.00037202028436794237
1757426.0 0.0003718079787730726
1756797.0 0.0003716103807610734
1756168.0 0.000371454748805757
1755539.0 0.0003712153751029191
1754910.0 0.00037103695785804114
1754281.0 0.00037089206290679555
1753652.0 0.0003706527361641335
1753023.0 0.000370495972628445
1752394.0 0.00037027354210137297
1751765.0 0.00037012551312902144
1751136.0 0.0003699533176665067
1750507.0 0.0003697279725967823
1749878.0 0.0003695746972368269
1749249.0 0.0003693969842428668
1748620.0 0.0003692247777141391
1747991.0 0.0003690807106539507
1747362.0 0.0003688553971838904
1746733.0 0.0003687141807008957
1746104.0 0.00036854480070631603
1745475.0 0.00036836461919099745
1744846.0 0.0003682027798035894
1744217.0 0.00036801136462990283
1743588.0 0.00036782637738147776
1742959.0 0.0003676343833213513
1742330.0 0.00036742943958735177
1741701.0 0.0003672104339614714
1741072.0 0.000366949980133025
1740443.0 0.00036672101605478665
1739814.0 0.00036641963147848375
1739185.0 0.00036611399696910384
1738556.0 0.0003656900318258943
1737927.0 0.0003653227765967148
1737298.0 0.00036481898990913105
1736669.0 0.0003642315945792143
1736040.0 0.0003636043987698532
1735411.0 0.00036286610664874826
1734782.0 0.0003620067982046962
1734153.0 0.0003610028460024162
1733524.0 0.0003596732108015367
1732895.0 0.00035813090365116216
1732266.0 0.00035624311933493187
1731637.0 0.0003542494415616422
1731008.0 0.0003520355438100586
1730379.0 0.00034919558267983316
1729750.0 0.0003450641269226362
1729121.0 0.0003387166071024116
1728492.0 0.00033117017206470465
1727863.0 0.0003240901028036453
1727234.0 0.0003207921775218152
1726605.0 0.00032308173662436336
1725976.0 0.0002744490355626991
1725347.0 0.00027583532598532716
1724718.0 0.00029543111092487895
1724089.0 0.0003063461184292599
1723460.0 0.0003135876868473715
1722831.0 0.00031882661748044484
1722202.0 0.0003228739781627788
1721573.0 0.00032605482819294504
1720944.0 0.00032870243390480445
1720315.0 0.0003309222958356055
1719686.0 0.00033288387082659764
1719057.0 0.00033458505381341985
1718428.0 0.00033607622572904335
1717799.0 0.0003374121727488
1717170.0 0.00033869901053356445
1716541.0 0.00033969491595087394
1715912.0 0.00034059389725763975
1715283.0 0.0003414524362355948
1714654.0 0.0003422418297903282
1714025.0 0.0003430960969865825
1713396.0 0.0003437041755500976
1712767.0 0.0003443789962124783
1712138.0 0.00034489738869054995
1711509.0 0.00034537558349578997
1710880.0 0.00034590065363515214
1710251.0 0.0003464220942366991
1709622.0 0.0003467966050793175
1708993.0 0.00034723838540797494
1708364.0 0.00034757718433571494
1707735.0 0.00034794345100917914
1707106.0 0.00034819244072216253
1706477.0 0.0003485813666491161
1705848.0 0.0003489488893214358
1705219.0 0.0003491520428710225
1704590.0 0.000349368506859055
1703961.0 0.00034968269759425117
1703332.0 0.0003499290140237151
1702703.0 0.000350115334830092
1702074.0 0.0003503272180805059
1701445.0 0.0003505687101750213
1700816.0 0.0003506722619330198
1700187.0 0.0003508781623226828
1699558.0 0.0003510686935114091
1698929.0 0.00035118586546892505
1698300.0 0.00035125415213067357
1697671.0 0.0003514876650434787
1697042.0 0.00035167622953877307
1696413.0 0.00035161280044257605
1695784.0 0.000351844132749753
1695155.0 0.0003520231601892904
1694526.0 0.0003521450327200505
1693897.0 0.00035207881422853645
1693268.0 0.0003522003880487838
1692639.0 0.00035247296573070135
1692010.0 0.000352332352357458
1691381.0 0.0003525216572690943
1690752.0 0.0003523618878096186
1690123.0 0.00035258146348880433
1689494.0 0.00035263527320600097
1688865.0 0.00035264981235237956
1688236.0 0.00035247198622178445
1687607.0 0.000352560533966286
1686978.0 0.0003525507280902537
1686349.0 0.00035283559488723487
1685720.0 0.00035283657440335765
1685091.0 0.0003528040110146254
1684462.0 0.00035274352602631846
1683833.0 0.00035270363243046737
1683204.0 0.00035303492655952416
1682575.0 0.00035261783009374196
1681946.0 0.00035271402310083614
1681317.0 0.0003525752405743737
1680688.0 0.0003527449556723019
1680059.0 0.00035236825365199566
1679430.0 0.0003525418684234808
1678801.0 0.00035272895043875115
1678172.0 0.0003523708763478114
1677543.0 0.00035236112967126275
1676914.0 0.00035214127592062575
1676285.0 0.00035229223096337444
1675656.0 0.0003520396173781524
1675027.0 0.00035230873750564137
1674398.0 0.00035235211408457594
1673769.0 0.0003519266312140148
1673140.0 0.000352090858598835
1672511.0 0.00035188348307925557
1671882.0 0.0003516989786704994
1671253.0 0.0003518289110375369
1670624.0 0.00035199155680975717
1669995.0 0.0003515781494078924
1669366.0 0.0003516171078936775
1668737.0 0.0003517095494967208
1668108.0 0.00035048036399597043
1667479.0 0.00035095419528854494
1666850.0 0.0003518763406350276
1666221.0 0.00035109115261904017
1665592.0 0.00035109652096188915
1664963.0 0.00034978333125417567
1664334.0 0.00035004406704592105
1663705.0 0.00035080754209561397
1663076.0 0.00034991591307276205
1662447.0 0.00034984110407297115
1661818.0 0.0003497294572990733
1661189.0 0.0003498139710067168
1660560.0 0.0003485228696550121
1659931.0 0.00034893532758608573
1659302.0 0.00034902995585246683
1658673.0 0.00034821259892487745
1658044.0 0.0003469536487742693
1657415.0 0.00034686034880810246
1656786.0 0.00034647287018367556
1656157.0 0.0003455309610579236
1655528.0 0.0003455290315481868
1654899.0 0.0003452837065553804
1654270.0 0.0003446549995267041
1653641.0 0.00034360614974407406
1653012.0 0.0003437627681683544
1652383.0 0.0003426251534418657
1651754.0 0.00034320822731216704
1651125.0 0.0003427002726915055
1650496.0 0.0003414148103652356
1649867.0 0.0003424139493006529
1649238.0 0.000341538921704535
1648609.0 0.00034029478820396617
1647980.0 0.00034026006252452587
1647351.0 0.00034104836450357727
1646722.0 0.00033849374681890927
1646093.0 0.0003394277762501613
1645464.0 0.0003380918280467647
1644835.0 0.00033819836348944775
1644206.0 0.0003372665592410655
1643577.0 0.0003369715033221968
1642948.0 0.0003367605699254462
1642319.0 0.0003364274843702824
1641690.0 0.00033659521107946394
1641061.0 0.00033269357374127965
1640432.0 0.00033509519206028314
1639803.0 0.00033373195478699126
1639174.0 0.0003340580357107954
1638545.0 0.00033086944281719786
1637916.0 0.00033355048932829956
1637287.0 0.00033138977328854303
1636658.0 0.00033033108004893146
1636029.0 0.00033248917568829117
1635400.0 0.00032707860021143
1634771.0 0.0003302880349931414
1634142.0 0.0003303465704677935
1633513.0 0.00032800927742929426
1632884.0 0.000329725674237654
1632255.0 0.00032466683927345383
1631626.0 0.00032933368967209993
1630997.0 0.0003243238046895991
1630368.0 0.00032655322617810466
1629739.0 0.0003264023402781411
1629110.0 0.00032627041312448875
1628481.0 0.00032563211009797817
1627852.0 0.00032531925946082123
1627223.0 0.0003270371133232052
1626594.0 0.0003236662373384885
1625965.0 0.00032302521972212077
1625336.0 0.00032651432184756035
1624707.0 0.00031996269351445525
1624078.0 0.0003116297077547016
1623449.0 0.0003161156766768139
1622820.0 0.0002972105991550362
1622191.0 0.00032512777362296656
1621562.0 0.000252730849330265
1620933.0 0.0002837744307013165
1620304.0 0.0002920690109853677
1619675.0 0.00030030968492698174
1619046.0 0.0003059602957791794
1618417.0 0.0003086093316922756
1617788.0 0.00031085151738350004
1617159.0 0.000311876814550257
1616530.0 0.00031411746862925377
1615901.0 0.00031526689774798064
1615272.0 0.00031514536643994834
1614643.0 0.0003191292681509635
1614014.0 0.0003173477612764699
1613385.0 0.0003200979905099015
1612756.0 0.00032071003402000837
1612127.0 0.0003209370486599418
1611498.0 0.000322880618497922
1610869.0 0.0003225941470501044
1610240.0 0.0003264664100985832
1609611.0 0.00032521149550422375
1608982.0 0.0003218532467337934
1608353.0 0.00032676649222985863
1607724.0 0.00032713116037094546
1607095.0 0.00032659317538037897
1606466.0 0.0003288920489140056
1605837.0 0.0003279857576650452
1605208.0 0.00033029481200767005
1604579.0 0.00032756061117222233
1603950.0 0.00032934179716493994
1603321.0 0.00032876869820218103
1602692.0 0.00033170572029632357
1602063.0 0.00032976347976019284
1601434.0 0.0003288285141114546
1600805.0 0.0003319824532953258
1600176.0 0.0003287478090297371
1599547.0 0.0003331473162170304
1598918.0 0.00033109733251455813
1598289.0 0.0003308313492616432
1597660.0 0.00033167536780827654
1597031.0 0.0003369542767068697
1596402.0 0.0003355611828972158
1595773.0 0.000331387522584524
1595144.0 0.0003376316940695571
1594515.0 0.00033472789414104055
1593886.0 0.0003357491943765066
1593257.0 0.0003404833723587106
1592628.0 0.0003335814558740879
1591999.0 0.00033783079670123695
1591370.0 0.0003387071041078487
1590741.0 0.00033552030176262917
1590112.0 0.00033762995866333046
1589483.0 0.00033214685829180673
1588854.0 0.0003327066353210499
1588225.0 0.00033828169356824554
1587596.0 0.0003415058004728436
1586967.0 0.000337481147569682
1586338.0 0.00033916710090732647
1585709.0 0.00033768316332979595
1585080.0 0.0003393257712629385
1584451.0 0.00034344113128379497
1583822.0 0.000337837894994535
1583193.0 0.000341915024172581
1582564.0 0.0003354517324908765
1581935.0 0.00034245919649542305
1581306.0 0.0003408400737293567
1580677.0 0.000338880136533404
1580048.0 0.00034918816984529186
1579419.0 0.00033996774595406744
1578790.0 0.00033670472965234116
1578161.0 0.0003456150923878251
1577532.0 0.00034092803041260315
1576903.0 0.0003427750840171257
1576274.0 0.0003461205839360149
1575645.0 0.0003440209985263101
1575016.0 0.0003378496697564531
1574387.0 0.0003484864845320977
1573758.0 0.00034220162253033385
1573129.0 0.00034244575532691417
1572500.0 0.0003470262798186174
1571871.0 0.00034363286176295523
1571242.0 0.0003320267515103082
1570613.0 0.0003303403249356599
1569984.0 0.00035014263200009875
1569355.0 0.00035233784297493355
1568726.0 0.00034686128346185497
1568097.0 0.00034310591005983436
1567468.0 0.00033919065212939764
1566839.0 0.00035492705681479164
1566210.0 0.0003415189245778877
1565581.0 0.00035767041936180785
1564952.0 0.0003394653973820529
1564323.0 0.0003472497587253271
1563694.0 0.00034131313595085896
1563065.0 0.000351689767294229
1562436.0 0.00036061912733785983
1561807.0 0.00033099908260314997
1561178.0 0.00033323415931705105
1560549.0 0.00034187616922408816
1559920.0 0.0003317874970421171
1559291.0 0.00036052392990298184
1558662.0 0.00036455115855501435
1558033.0 0.0003480557050840248
1557404.0 0.0003412731454741228
1556775.0 0.0003456685456433608
1556146.0 0.0003510567757555882
1555517.0 0.00036558550594917956
1554888.0 0.00036614568393782354
1554259.0 0.0003687844065930415
1553630.0 0.00032508405797944493
1553001.0 0.0003133951549104207
1552372.0 0.0003633636279327648
1551743.0 0.0003321351778571818
1551114.0 0.00036137925795431345
1550485.0 0.00034392036002959294
1549856.0 0.00037131531205878516
1549227.0 0.0003281085274937577
1548598.0 0.0003108916095950481
1547969.0 0.0003470932354875293
1547340.0 0.0003655437072556186
1546711.0 0.0003230908199366552
1546082.0 0.0003551105457995388
1545453.0 0.0003583991067249693
1544824.0 0.00037267037236943603
1544195.0 0.0003306824096321045
1543566.0 0.0003524583480002416
1542937.0 0.0003693827186246523
1542308.0 0.0003179698473901424
1541679.0 0.00035487174029167473
1541050.0 0.0003713150384938491
1540421.0 0.00033313668433535443
1539792.0 0.0003192456105909844
1539163.0 0.0003595043367125673
1538534.0 0.0003738830275225568
1537905.0 0.00032810679855253653
1537276.0 0.00033097022192664474
1536647.0 0.0003287707126338327
1536018.0 0.0003262648658717708
1535389.0 0.0003433745734095152
1534760.0 0.0003293645896285428
1534131.0 0.00033101606978085644
1533502.0 0.00032759734362652903
1532873.0 0.00032282731233596946
1532244.0 0.0003654761081668976
1531615.0 0.00033195611153795
1530986.0 0.0003507395748540923
1530357.0 0.0003333186830440729
1529728.0 0.0003059588702536993
1529099.0 0.00033812934196530747
1528470.0 0.0003316277609544009
1527841.0 0.00032984401975047386
1527212.0 0.00033582500184996527
1526583.0 0.00032847123813775994
1525954.0 0.000342245641022373
1525325.0 0.000294963610105294
1524696.0 0.00033261429264439197
1524067.0 0.00033440957639739924
1523438.0 0.0003366898937398394
1522809.0 0.00033758589491436516
1522180.0 0.0003358563886027341
1521551.0 0.0003471723177212436
1520922.0 0.00035326402011663654
1520293.0 0.0002574984686636665
1519664.0 0.0003579579682131007
1519035.0 0.0003139814428924289
1518406.0 0.0003114073623505564
1517777.0 0.000310618599290446
1517148.0 0.00033749426946616887
1516519.0 0.00034235958774274714
1515890.0 0.0003388398240670455
1515261.0 0.0002825546742988307
1514632.0 0.0003344208016936608
1514003.0 0.00031544577781569697
1513374.0 0.0003376268651498107
1512745.0 0.0003298938020603813
1512116.0 0.0003504999808851454
1511487.0 0.0003694577549576236
1510858.0 0.00023097202843336362
1510229.0 0.0003427484254204008
1509600.0 0.0003437726973791689
1508971.0 0.000343356180459748
1508342.0 0.00036150140634385745
1507713.0 0.00030222155190442627
1507084.0 0.0003485846524653348
1506455.0 0.00024700271112629806
1505826.0 0.00035579133198400745
1505197.0 0.0003201315409586515
1504568.0 0.00036011148034969235
1503939.0 0.00023329533041781763
1503310.0 0.0003630108192423391
1502681.0 0.0003043921006372607
1502052.0 0.00029021390365867674
1501423.0 0.00032540058044644167
1500794.0 0.0003547865836341769
1500165.0 0.000321448530713967
1499536.0 0.00034160914144867963
1498907.0 0.00029732001699277357
1498278.0 0.0003266177029992963
1497649.0 0.00035448883755635286
1497020.0 0.0003545351212299312
1496391.0 0.00029218145386415706
1495762.0 0.000291805373052139
1495133.0 0.00035543611338396936
1494504.0 0.0003355427132870103
1493875.0 0.0003869386255718771
1493246.0 0.0002702881488274368
1492617.0 0.00026923384849019956
1491988.0 0.00033778342940289467
1491359.0 0.0003829382234317599
1490730.0 0.0002670238612236303
1490101.0 0.00032835931450012523
1489472.0 0.00026103876210788955
1488843.0 0.0003400184161238454
1488214.0 0.00033457294895283216
1487585.0 0.000323768396556977
1486956.0 0.00032048981241137654
1486327.0 0.0003419237260480052
1485698.0 0.0003589667867987473
1485069.0 0.00038783000105243297
1484440.0 0.00024332168130714965
1483811.0 0.00028347785930802596
1483182.0 0.00030860052492217085
1482553.0 0.00036166768594476614
1481924.0 0.00036319593478506004
1481295.0 0.0003483968703933512
1480666.0 0.0002820574779104161
1480037.0 0.00038243374007202726
1479408.0 0.00025162739438500326
1478779.0 0.0003471173180894941
1478150.0 0.00031944152476862884
1477521.0 0.0003109428450326904
1476892.0 0.0003572450690569766
1476263.0 0.00036057509430620203
1475634.0 0.0004015457056286131
1475005.0 0.000343459201426839
1474376.0 0.00035448602335059765
1473747.0 0.00032948836089466383
1473118.0 0.00031326013853962936
1472489.0 0.0003146066681632223
1471860.0 0.0003267465593149062
1471231.0 0.0003434277303874483
1470602.0 0.0003165348855821358
1469973.0 0.0003337568348177431
1469344.0 0.0002864119310414971
1468715.0 0.00032722757915472925
1468086.0 0.00038062094999686066
1467457.0 0.00037589030068464
1466828.0 0.00037621064206671157
1466199.0 0.00026031362494424693
1465570.0 0.0003004833740678129
1464941.0 0.00031342968880834033
1464312.0 0.00022665342216750825
1463683.0 0.0004496276405667699
1463054.0 0.0003153602190752961
1462425.0 0.00028945117102474783
1461796.0 0.0002827662842612665
1461167.0 0.00037198157009745944
1460538.0 0.00032833788020016405
1459909.0 0.00029263307868351526
1459280.0 0.00029513260217496384
1458651.0 0.0002879712017355435
1458022.0 0.00030326045785676224
1457393.0 0.0002909741301188675
1456764.0 0.0003285172106163347
1456135.0 0.0002873163717973648
1455506.0 0.0003148616578502844
1454877.0 0.00033473672131319903
1454248.0 0.0003389690663148967
1453619.0 0.0002879223166049336
1452990.0 0.0002977452856516198
1452361.0 0.0003252451909245365
1451732.0 0.00030654641677560566
1451103.0 0.00029583586806328736
1450474.0 0.00029129381092566964
1449845.0 0.00032742665086531885
1449216.0 0.0003123882467510807
1448587.0 0.00033506703437102413
1447958.0 0.0003209953116296761
1447329.0 0.00031464996904512275
1446700.0 0.0003264200582251522
1446071.0 0.00031191343916895097
1445442.0 0.00032725375998232534
1444813.0 0.0003290040237807139
1444184.0 0.000311465210647531
1443555.0 0.0002940979537722387
1442926.0 0.0003181658549082951
1442297.0 0.00032378402134929075
1441668.0 0.0003234999303497873
1441039.0 0.00032943115110351667
1440410.0 0.0003226051430595499
1439781.0 0.0003197253511760083
1439152.0 0.00027903226416865247
1438523.0 0.00032337265645542826
1437894.0 0.00031909631801562907
1437265.0 0.00031891232831766404
1436636.0 0.0003135428631399699
1436007.0 0.00030647135452107276
1435378.0 0.0003278463981260276
1434749.0 0.0003052235565145529
1434120.0 0.00030836803053528643
1433491.0 0.0002962073584751705
1432862.0 0.00032873197038197564
1432233.0 0.00033894130475137127
1431604.0 0.0003372971508489008
1430975.0 0.0002854161833572374
1430346.0 0.0003071966968038865
1429717.0 0.00032734487585980767
1429088.0 0.00032016030052823473
1428459.0 0.0003297742154908749
1427830.0 0.00031672733360707636
1427201.0 0.00032677986968970694
1426572.0 0.00028007539054535687
1425943.0 0.00032980098980595236
1425314.0 0.0003125615345950881
1424685.0 0.000276123470051582
1424056.0 0.0003215529701711846
1423427.0 0.00032099106354801756
1422798.0 0.00031412833672119823
1422169.0 0.0003126390684132587
1421540.0 0.00028924208538662533
1420911.0 0.00031452133888394283
1420282.0 0.00034140674508395573
1419653.0 0.0003035122979848048
1419024.0 0.0003184824281671662
1418395.0 0.0003321678467195772
1417766.0 0.0002979022273631877
1417137.0 0.00030745295280302164
1416508.0 0.0003431282804029929
1415879.0 0.0003219638696833925
1415250.0 0.0003281032046391344
1414621.0 0.00032806559344017753
1413992.0 0.0003206800088377146
1413363.0 0.0003144496527920935
1412734.0 0.0003104367748869034
1412105.0 0.0003343873136495569
1411476.0 0.00033381035235241935
1410847.0 0.0003141451933958494
1410218.0 0.00033571643901636705
1409589.0 0.0002884593780469973
1408960.0 0.00033227971427698087
1408331.0 0.00035703334975043286
1407702.0 0.00027544230013632794
1407073.0 0.000289137979216393
1406444.0 0.000284449110776787
1405815.0 0.00033254381679211824
1405186.0 0.00034385786712084283
1404557.0 0.0003048144530573003
1403928.0 0.0003171740052103703
1403299.0 0.00033629281290914074
1402670.0 0.00031571694982427024
1402041.0 0.00032622953345320575
1401412.0 0.0003504576490947943
1400783.0 0.00031075432451161403
1400154.0 0.00031589905173590806
1399525.0 0.0003399552899854792
1398896.0 0.00030628819013518406
1398267.0 0.00033081113516735813
1397638.0 0.0003162839692362044
1397009.0 0.0003045887801242902
1396380.0 0.00033937391400793717
1395751.0 0.0003334159854691487
1395122.0 0.0002807424275113282
1394493.0 0.00030235734098699516
1393864.0 0.00029878910176080463
1393235.0 0.0003357769011060739
1392606.0 0.0003458528473005471
1391977.0 0.00030837065349210177
1391348.0 0.0002978626090639607
1390719.0 0.0003028714226469482
1390090.0 0.0003401133375447667
1389461.0 0.0003125076174872715
1388832.0 0.0003241683455008114
1388203.0 0.0003311791083118556
1387574.0 0.0003318602200133219
1386945.0 0.00028143535867548186
1386316.0 0.000346753845713251
1385687.0 0.0003029454171577931
1385058.0 0.0003001725027448073
1384429.0 0.0003267267592920791
1383800.0 0.000300591364520343
1383171.0 0.00034541129586218756
1382542.0 0.0003172896178564543
1381913.0 0.0003055127526890064
1381284.0 0.00030139444144264174
1380655.0 0.00028035832793366316
1380026.0 0.00034794282743054456
1379397.0 0.0002882908591795649
1378768.0 0.000351574153713779
1378139.0 0.0003004710856472145
1377510.0 0.0002827352581377862
1376881.0 0.00033103234848950297
1376252.0 0.0003188287680242602
1375623.0 0.0003354661353535872
1374994.0 0.00031207795774998323
1374365.0 0.0003113403378859515
1373736.0 0.000293504491331366
1373107.0 0.0002961457045507799
1372478.0 0.0003193248494572836
1371849.0 0.00033339412592474767
1371220.0 0.00029060032969206826
1370591.0 0.00030068089317460275
1369962.0 0.0002750581862933032
1369333.0 0.000306950402029191
1368704.0 0.00033811854609174267
1368075.0 0.00031410044027551607
1367446.0 0.0003099032018278538
1366817.0 0.0003064789007949728
1366188.0 0.0002974680351699878
1365559.0 0.0002977549562635847
1364930.0 0.00031658148335188697
1364301.0 0.00032536991263801935
1363672.0 0.0002948890798095261
1363043.0 0.0003281113668782678
1362414.0 0.0003021323660298841
1361785.0 0.00032965231884241134
1361156.0 0.0003026229028279581
1360527.0 0.0003245724089854422
1359898.0 0.00033128495758012435
1359269.0 0.00031313782923608134
1358640.0 0.00031476008939442586
1358011.0 0.00030653569802470014
1357382.0 0.00030986679759488576
1356753.0 0.00031546907100014004
1356124.0 0.00031354034527583566
1355495.0 0.0002832940074026038
1354866.0 0.0003268574215019174
1354237.0 0.00027863375626155536
1353608.0 0.00031041150060028266
1352979.0 0.00034595025693072364
1352350.0 0.0002841815462930551
1351721.0 0.00029453518907247514
1351092.0 0.00032860835069488343
1350463.0 0.00035530818306014986
1349834.0 0.00027066407615774525
1349205.0 0.00032206278179322713
1348576.0 0.00032435438636565334
1347947.0 0.00035062833100370434
1347318.0 0.00028637531863325716
1346689.0 0.000298577711275778
1346060.0 0.00032976867355585007
1345431.0 0.000341669261606075
1344802.0 0.00028716472675878403
1344173.0 0.000312048340263636
1343544.0 0.0003295310612749214
1342915.0 0.00031509510689720755
1342286.0 0.00032228587674124824
1341657.0 0.0003198863966825206
1341028.0 0.0003120391982867309
1340399.0 0.0003275502699363141
1339770.0 0.0003245360958023408
1339141.0 0.00030486881229437317
1338512.0 0.00032416593344880936
1337883.0 0.0002808567133244984
1337254.0 0.00030227728712645867
1336625.0 0.0003433028819356827
1335996.0 0.00030049433752330515
1335367.0 0.00029465242794106226
1334738.0 0.00033453897828725405
1334109.0 0.00028489694376831413
1333480.0 0.0003126196584497406
1332851.0 0.0003085101561917021
1332222.0 0.0003430843351938704
1331593.0 0.000277727304849145
1330964.0 0.0003105705350745629
1330335.0 0.00029787568006379024
1329706.0 0.0003214179325296443
1329077.0 0.00033338009614953856
1328448.0 0.00035587774416939044
1327819.0 0.00028568843010760934
1327190.0 0.000274030621443525
1326561.0 0.0003223494305967191
1325932.0 0.00029387338565258956
1325303.0 0.00032849309608236175
1324674.0 0.000281462146742827
1324045.0 0.0003177940679829893
1323416.0 0.0003089922682614439
1322787.0 0.00033445506774240435
1322158.0 0.00031643803492568354
1321529.0 0.00029980488091552334
1320900.0 0.00032086500242724253
1320271.0 0.0003150178355261416
1319642.0 0.00031691140165308814
1319013.0 0.00028805991879162006
1318384.0 0.0003173211735537936
1317755.0 0.00033105138385663513
1317126.0 0.00028667457339394084
1316497.0 0.00030788531818282393
1315868.0 0.00030706627284999736
1315239.0 0.0003487983236115146
1314610.0 0.0002771204105235158
1313981.0 0.00031821009166020366
1313352.0 0.0002809330548319533
1312723.0 0.0002992079088463739
1312094.0 0.00029243445977451387
1311465.0 0.00032082224713073977
1310836.0 0.0003160649339470887
1310207.0 0.00030968318683639385
1309578.0 0.000289019274591457
1308949.0 0.00031505969337501807
1308320.0 0.0003082180125131447
1307691.0 0.00032438054242088326
1307062.0 0.00029048571001083273
1306433.0 0.00034055812510410413
1305804.0 0.0002776326528360197
1305175.0 0.0003223946573447922
1304546.0 0.0003147472520016962
1303917.0 0.0003129104996865596
1303288.0 0.0003122069735873778
1302659.0 0.00031164295204317975
1302030.0 0.0003130508895828303
1301401.0 0.00033072058806807124
1300772.0 0.0002791201438258357
1300143.0 0.00030821783367077885
1299514.0 0.00030304303703613676
1298885.0 0.00029494666012447297
1298256.0 0.00030643944194787205
1297627.0 0.00030184178909805725
1296998.0 0.0003222296978256163
1296369.0 0.00030018583559339603
1295740.0 0.00029910397100055763
1295111.0 0.00030990588937650226
1294482.0 0.0003080908242906171
1293853.0 0.0003159740267345959
1293224.0 0.00032079929853565884
1292595.0 0.0003191746994703809
1291966.0 0.0003195637202268494
1291337.0 0.0003206695498566821
1290708.0 0.0003111401365395981
1290079.0 0.00031810234611195107
1289450.0 0.0003240253267473775
1288821.0 0.0002821700461976445
1288192.0 0.0003226185556291096
1287563.0 0.0003072152945101314
1286934.0 0.0003003898215594977
1286305.0 0.0002946800802173124
1285676.0 0.0003032657796311704
1285047.0 0.00030683773313471257
1284418.0 0.0003202679162790314
1283789.0 0.0003223540766105366
1283160.0 0.00030464799373477346
1282531.0 0.00030639580323378655
1281902.0 0.0003105600365954888
1281273.0 0.0003178786389414292
1280644.0 0.0003090572306658351
1280015.0 0.0003075563517567514
1279386.0 0.0003260314743121466
1278757.0 0.0002822083390921279
1278128.0 0.0003163082158835011
1277499.0 0.00031491019155706443
1276870.0 0.00032056971250586284
1276241.0 0.00029779002997994207
1275612.0 0.00030373892564467686
1274983.0 0.0002995379953223235
1274354.0 0.0003079914580635954
1273725.0 0.000309346063953708
1273096.0 0.000317625533787026
1272467.0 0.00032241801853648646
1271838.0 0.00032021544563238467
1271209.0 0.00030866560588824215
1270580.0 0.0003070184719660226
1269951.0 0.00030966708909122877
1269322.0 0.0003184598338170444
1268693.0 0.00030775138750851284
1268064.0 0.00029204883252214627
1267435.0 0.00029416848658298737
1266806.0 0.0002867996815736364
1266177.0 0.00030463213506167245
1265548.0 0.0003056103799454183
1264919.0 0.0003108608988361803
1264290.0 0.00029090644020676043
1263661.0 0.00030885987818976053
1263032.0 0.0003093861494932472
1262403.0 0.00030651226227966613
1261774.0 0.00031607862628460183
1261145.0 0.00029447274602136507
1260516.0 0.0002916912839629835
1259887.0 0.0003081959253257425
1259258.0 0.00030683210903536515
1258629.0 0.0003193591564038095
1258000.0 0.0002926032010542415
1257371.0 0.00031161309238471275
1256742.0 0.0003170648820877881
1256113.0 0.00031488179107402983
1255484.0 0.0002942379364069866
1254855.0 0.00029176138380742847
1254226.0 0.00031384054450631045
1253597.0 0.00031023098559812134
1252968.0 0.00030653442181833446
1252339.0 0.00029690683146181443
1251710.0 0.0003265528035549991
1251081.0 0.00028820485006262513
1250452.0 0.00031167031944514964
1249823.0 0.0003234703106887295
1249194.0 0.00029372810312666383
1248565.0 0.0002876697454704113
1247936.0 0.0003009163239090492
1247307.0 0.0003178647018683464
1246678.0 0.00029592038575325695
1246049.0 0.0002932890591635949
1245420.0 0.00029148266893074963
1244791.0 0.00030743898924692325
1244162.0 0.0003016368419288527
1243533.0 0.00031253362352742277
1242904.0 0.0002984136904845658
1242275.0 0.0002951178954113588
1241646.0 0.00030160338212840266
1241017.0 0.0003021576208909875
1240388.0 0.0003103792657792527
1239759.0 0.0003095330673676009
1239130.0 0.00029544580101233174
1238501.0 0.0002949651375016597
1237872.0 0.0003176020464865445
1237243.0 0.00029092765894646577
1236614.0 0.00031076344365078124
1235985.0 0.00029410161935822894
1235356.0 0.0002940487662914016
1234727.0 0.0003068827795897208
1234098.0 0.00031298476768343097
1233469.0 0.0002998083328073428
1232840.0 0.00029209737230788716
1232211.0 0.0003023028307355213
1231582.0 0.0003087404308014843
1230953.0 0.00029171699362295526
1230324.0 0.00031137244344668234
1229695.0 0.0002950951323142909
1229066.0 0.00029952135313924004
1228437.0 0.00029701320498311994
1227808.0 0.0002972887070878905
1227179.0 0.00029670166452727486
1226550.0 0.00030413075611579883
1225921.0 0.000302285176581067
1225292.0 0.0003002333819765133
1224663.0 0.00030060677506561713
1224034.0 0.00030854723610079657
1223405.0 0.00030017187097106443
1222776.0 0.0002991021182231947
1222147.0 0.00030198663561497473
1221518.0 0.0002976777608076071
1220889.0 0.00029681205626854633
1220260.0 0.0002988388702323109
1219631.0 0.00029580872502167404
1219002.0 0.0003088310336755956
1218373.0 0.00029538771102073706
1217744.0 0.0003002950718818998
1217115.0 0.0003084539630632153
1216486.0 0.0002981201368618297
1215857.0 0.0002983252174325442
1215228.0 0.0002959199334623833
1214599.0 0.0003047742402462331
1213970.0 0.00029570148017553247
1213341.0 0.0003036921318538613
1212712.0 0.00030200956227169746
1212083.0 0.0003005013525760272
1211454.0 0.00030024689506222263
1210825.0 0.0002984974530874668
1210196.0 0.0003006487890967763
1209567.0 0.0003002769520460623
1208938.0 0.0002980567404653471
1208309.0 0.0003040942146928738
1207680.0 0.0002991685429741238
1207051.0 0.00029950368288302975
1206422.0 0.0002994977322806339
1205793.0 0.0003000267745271383
1205164.0 0.0002999610338839353
1204535.0 0.0002997710136366677
1203906.0 0.0002995701840658245
1203277.0 0.00030031069902263755
1202648.0 0.00030196222575724576
1202019.0 0.000301366756694867
1201390.0 0.0003004175089374877
1200761.0 0.0003004814947744089
1200132.0 0.0003006808518492851
1199503.0 0.00030113852428399876
1198874.0 0.0003007351928185957
1198245.0 0.0003003551428936803
1197616.0 0.0003026971823453662
1196987.0 0.00030135358893252826
1196358.0 0.00030126769014666234
1195729.0 0.00030203846842810975
1195100.0 0.0003014184409317275
1194471.0 0.0003021183039725221
1193842.0 0.0003021199282603996
1193213.0 0.0003024190532001906
1192584.0 0.0003021614578415184
1191955.0 0.0003024885167139479
1191326.0 0.00030244788599144944
1190697.0 0.00030283589498052475
1190068.0 0.00030272258446339007
1189439.0 0.00030300003348556853
1188810.0 0.00030320038628302916
1188181.0 0.00030325288009009043
1187552.0 0.00030338573764356817
1186923.0 0.00030351822047918305
1186294.0 0.0003036471256505461
1185665.0 0.0003039407393801516
1185036.0 0.0003039584771685869
1184407.0 0.00030438942025776946
1183778.0 0.0003043881779084583
1183149.0 0.0003044789661603648
1182520.0 0.0003046310389408222
1181891.0 0.0003048477422552378
1181262.0 0.0003049555590036215
1180633.0 0.00030511388063278304
1180004.0 0.00030527041780751906
1179375.0 0.00030544629467001703
1178746.0 0.00030563982431019423
1178117.0 0.0003057738056722583
1177488.0 0.0003058960546512656
1176859.0 0.00030604113398661516
1176230.0 0.000306219293617485
1175601.0 0.0003064207588490552
1174972.0 0.0003065103466546297
1174343.0 0.00030662643988508376
1173714.0 0.00030677175405254497
1173085.0 0.000306891446961537
1172456.0 0.00030704945921741165
1171827.0 0.0003071472814032214
1171198.0 0.00030726960615877757
1170569.0 0.0003073630210825478
1169940.0 0.00030752158350807606
1169311.0 0.0003075740680662768
1168682.0 0.00030772708161327207
1168053.0 0.00030775265085434037
1167424.0 0.0003078573401334593
1166795.0 0.0003079121157655939
1166166.0 0.000308001044162302
1165537.0 0.0003080170935539711
1164908.0 0.00030811083105834015
1164279.0 0.00030813302012141456
1163650.0 0.00030814494284804394
1163021.0 0.0003081654601812769
1162392.0 0.00030813283804748446
1161763.0 0.00030825093959663063
1161134.0 0.0003080999749950607
1160505.0 0.00030812923617827835
1159876.0 0.00030806753106948806
1159247.0 0.0003080164308081433
1158618.0 0.00030795817286183525
1157989.0 0.00030787697031106625
1157360.0 0.00030777699096771815
1156731.0 0.00030768313569417806
1156102.0 0.0003075765038566671
1155473.0 0.00030739958346633544
1154844.0 0.00030733547473639635
1154215.0 0.0003070830859171156
1153586.0 0.0003070050666567716
1152957.0 0.0003067400433395498
1152328.0 0.00030659336802882185
1151699.0 0.00030632348686463666
1151070.0 0.0003061519348121252
1150441.0 0.0003058496197817637
1149812.0 0.0003056542605211949
1149183.0 0.00030535690326209555
1148554.0 0.0003051487799115319
1147925.0 0.0003048704737088147
1147296.0 0.0003046541906079136
1146667.0 0.0003043718966626631
1146038.0 0.0003041175789344614
1145409.0 0.0003037349674131264
1144780.0 0.00030334481569950934
1144151.0 0.0003027701221040302
1143522.0 0.0003022201591589836
1142893.0 0.00030152649109588866
1142264.0 0.00030113157752506347
1141635.0 0.00030080606833094966
1141006.0 0.0003014015589292622
1140377.0 0.0003018022404075759
1139748.0 0.00030383909380365525
1139119.0 0.0003041317388127672
1138490.0 0.0003063125400595361
1137861.0 0.00030396524123166687
1137232.0 0.00030354177950360847
1136603.0 0.0002892543452449235
1135974.0 0.0003498501942452214
1135345.0 0.0002094391806145445
1134716.0 0.0004153461802236903
1134087.0 0.00017661816580822245
1133458.0 0.00038335618148517786
1132829.0 0.00021356982989292973
1132200.0 0.0002726438408245682
1131571.0 0.0002888419996130763
1130942.0 0.00029752151401031947
1130313.0 0.0003025479097771727
1129684.0 0.00030583718078779423
1129055.0 0.0003082376556351456
1128426.0 0.00031013311780407014
1127797.0 0.00031171550185465474
1127168.0 0.0003130894105522224
1126539.0 0.0003143178724266686
1125910.0 0.0003154402222941538
1125281.0 0.0003164826833008596
1124652.0 0.0003174633630562993
1124023.0 0.0003183953775326928
1123394.0 0.00031928827886619666
1122765.0 0.00032014932883546357
1122136.0 0.0003209841883836467
1121507.0 0.0003217971033020738
1120878.0 0.0003225915881076872
1120249.0 0.00032337058217492374
1119620.0 0.00032413626500258074
1118991.0 0.00032489060764248514
1118362.0 0.00032563516485123315
1117733.0 0.00032637138741258524
1117104.0 0.00032710022025222367
1116475.0 0.0003278228024391849
1115846.0 0.0003285399288734546
1115217.0 0.00032925241207695284
1114588.0 0.0003299606233441639
1113959.0 0.00033066527870600706
1113330.0 0.00033136668329537393
1112701.0 0.0003320653882759912
1112072.0 0.00033276147434054774
1111443.0 0.000333455266518484
1110814.0 0.00033414702737114406
1110185.0 0.00033483687067564067
1109556.0 0.0003355250731805582
1108927.0 0.0003362113888402894
1108298.0 0.00033689619515996755
1107669.0 0.00033757930799464266
1107040.0 0.0003382608347589001
1106411.0 0.0003389407654667073
1105782.0 0.00033961909156584273
1105153.0 0.0003402957090799026
1104524.0 0.00034097076932226096
1103895.0 0.0003416438914095896
1103266.0 0.0003423152422215959
1102637.0 0.00034298467853773024
1102008.0 0.0003436521824391299
1101379.0 0.00034431757845537303
1100750.0 0.00034498082339364086
1100121.0 0.00034564185441357374
1099492.0 0.0003463005680322459
1098863.0 0.0003469568719990575
1098234.0 0.0003476106557635225
1097605.0 0.0003482619301736228
1096976.0 0.00034891041610071364
1096347.0 0.0003495561965699231
1095718.0 0.00035019913831031533
1095089.0 0.0003508391365706428
1094460.0 0.00035147607056689595
1093831.0 0.0003521098405804326
1093202.0 0.0003527405050334607
1092573.0 0.00035336781610006393
1091944.0 0.00035399188686010104
1091315.0 0.0003546124272242089
1090686.0 0.0003552294732688546
1090057.0 0.0003558429872323085
1089428.0 0.0003564528400492629
1088799.0 0.0003570589860053242
1088170.0 0.0003576613258610703
1087541.0 0.00035825977431684614
1086912.0 0.00035885447605981676
1086283.0 0.0003594451118549984
1085654.0 0.00036003170866786335
1085025.0 0.0003606143069411553
1084396.0 0.00036119283539587545
1083767.0 0.0003617670581460775
1083138.0 0.00036233720011643385
1082509.0 0.0003629031465742282
1081880.0 0.00036346469633554573
1081251.0 0.0003640219778814321
1080622.0 0.000364574775713698
1079993.0 0.00036512347040885707
1079364.0 0.0003656675513526489
1078735.0 0.00036620720867496117
1078106.0 0.0003667424002868702
1077477.0 0.00036727320500129626
1076848.0 0.0003677994738373238
1076219.0 0.00036832112110067806
1075590.0 0.00036883843987044337
1074961.0 0.0003693510485568887
1074332.0 0.00036985913030251357
1073703.0 0.0003703626516894156
1073074.0 0.00037086178873340275
1072445.0 0.00037135610509293857
1071816.0 0.0003718459770815425
1071187.0 0.0003723312892403049
1070558.0 0.0003728119094593756
1069929.0 0.0003732881364752864
1069300.0 0.00037375973747082636
1068671.0 0.0003742268201863755
1068042.0 0.0003746892813628873
1067413.0 0.0003751472148089239
1066784.0 0.00037560080011444694
1066155.0 0.00037604964829362456
1065526.0 0.00037649425207644436
1064897.0 0.00037693415552501956
1064268.0 0.0003773697735891657
1063639.0 0.000377800806252531
1063010.0 0.0003782276359184282
1062381.0 0.00037864990102805084
1061752.0 0.0003790679500701062
1061123.0 0.00037948151444845176
1060494.0 0.000379890748725495
1059865.0 0.00038029581369557354
1059236.0 0.00038069656718328236
1058607.0 0.0003810930143758196
1057978.0 0.0003814852943243914
1057349.0 0.00038187350308217165
1056720.0 0.00038225741014018917
1056091.0 0.00038263725636929126
1055462.0 0.0003830129717948876
1054833.0 0.0003833846584341936
1054204.0 0.0003837523207693242
1053575.0 0.00038411602783297984
1052946.0 0.0003844757202627363
1052317.0 0.0003848315967150923
1051688.0 0.0003851833244349893
1051059.0 0.0003855315411349306
1050430.0 0.0003858757375057534
1049801.0 0.000386215922191503
1049172.0 0.0003865527824800774
1048543.0 0.000386885606535974
1047914.0 0.00038721501952906993
1047285.0 0.00038754071843159955
1046656.0 0.00038786259521398335
1046027.0 0.00038818096399858
1045398.0 0.00038849597697322767
1044769.0 0.00038880734929734026
1044140.0 0.0003891153404856596
1043511.0 0.00038941968010399017
1042882.0 0.00038972100471735795
1042253.0 0.00039001863505712907
1041624.0 0.0003903130854141158
1040995.0 0.0003906042637624614
1040366.0 0.00039089212573871826
1039737.0 0.00039117686451822244
1039108.0 0.00039145821439570607
1038479.0 0.0003917366493878132
1037850.0 0.0003920120042448735
1037221.0 0.0003922841046860089
1036592.0 0.0003925532551192924
1035963.0 0.0003928194375423473
1035334.0 0.0003930826155520618
1034705.0 0.0003933428630388869
1034076.0 0.0003936001780714039
1033447.0 0.00039385461895528087
1032818.0 0.0003941063547546598
1032189.0 0.00039435521028486026
1031560.0 0.00039460124397947796
1030931.0 0.0003948446376706902
1030302.0 0.000395085240715619
1029673.0 0.0003953232605775808
1029044.0 0.0003955586447422885
1028415.0 0.00039579135195585074
1027786.0 0.0003960217507578044
1027157.0 0.0003962490345019172
1026528.0 0.00039647438741769364
1025899.0 0.0003966968830942267
1025270.0 0.00039691720419461786
1024641.0 0.00039713506234478413
1024012.0 0.00039735019043868135
1023383.0 0.0003975634408479897
1022754.0 0.00039777400252287063
1022125.0 0.0003979824566380736
1021496.0 0.0003981885153549686
1020867.0 0.00039839245442033737
1020238.0 0.00039859395452799797
1019609.0 0.0003987936299705709
1018980.0 0.00039899082090057094
1018351.0 0.0003991857880221472
1017722.0 0.00039937889599989904
1017093.0 0.0003995698516623896
1016464.0 0.0003997587822435633
1015835.0 0.0003999454409945637
1015206.0 0.0004001302959481895
1014577.0 0.00040031323313532714
1013948.0 0.0004004938985142943
1013319.0 0.00040067292482739476
1012690.0 0.0004008499364751356
1012061.0 0.0004010248482709195
1011432.0 0.0004011980817339853
1010803.0 0.00040136954102961374
1010174.0 0.00040153902112640945
1009545.0 0.00040170666385330424
1008916.0 0.00040187255268964064
1008287.0 0.0004020367246070448
1007658.0 0.0004021992402059061
1007029.0 0.0004023597688525303
1006400.0 0.00040251876785093245
1005771.0 0.0004026759801457443
1005142.0 0.0004028316660574539
1004513.0 0.0004029854205723941
1003884.0 0.0004031379716796227
1003255.0 0.00040328845058599
1002626.0 0.00040343773167470794
1001997.0 0.00040358507533495586
1001368.0 0.0004037311294134719
1000739.0 0.0004038754046450874
1000110.0 0.00040401842830874933
999481.0 0.0004041597140434127
998852.0 0.0004042994224334023
998223.0 0.00040443808372510483
997594.0 0.0004045748271694969
996965.0 0.0004047103357397812
996336.0 0.0004048443360516384
995707.0 0.0004049767713499456
995078.0 0.00040510810247854957
994449.0 0.0004052379826954727
993820.0 0.0004053662399167299
993191.0 0.0004054933467069932
992562.0 0.000405618997267564
991933.0 0.00040574343901506586
991304.0 0.0004058663057943735
990675.0 0.0004059881610324406
990046.0 0.00040610857596470727
989417.0 0.0004062273479492792
988788.0 0.0004063454821305935
988159.0 0.00040646194073643195
987530.0 0.0004065772091318723
986901.0 0.0004066914763263245
986272.0 0.00040680395040536385
985643.0 0.0004069156586580137
985014.0 0.0004070260906505809
984385.0 0.00040713509539249483
983756.0 0.00040724320803619965
983127.0 0.0004073497620268633
982498.0 0.0004074555122227519
981869.0 0.0004075600193424533
981240.0 0.00040766305724631365
980611.0 0.0004077651724168145
979982.0 0.0004078661481918945
979353.0 0.000407966025940782
978724.0 0.00040806458215392725
978095.0 0.00040816227347366505
977466.0 0.0004082586214730179
976837.0 0.00040835408497078495
976208.0 0.0004084481465990576
975579.0 0.0004085413830580144
974950.0 0.00040863343172277893
974321.0 0.00040872431754198735
973692.0 0.00040881432712810696
973063.0 0.00040890305278941586
972434.0 0.000408991025875593
971805.0 0.00040907725374146625
971176.0 0.0004091635292952341
970547.0 0.00040924752427367336
969918.0 0.0004093315460577052
969289.0 0.00040941390019127126
968660.0 0.0004094953282490543
968031.0 0.00040957579311970736
967402.0 0.0004096555631796311
966773.0 0.00040973308363650784
966144.0 0.0004098121198148212
965515.0 0.0004098855827936461
964886.0 0.0004099664213754492
964257.0 0.000410031249963729
963628.0 0.0004101203016165298
962999.0 0.0004101674620784457
962370.0 0.00041027910799607204
961741.0 0.0004102864684361268
961112.0 0.0004104526843154577
960483.0 0.0004103750140775194
959854.0 0.00041065903969782517
959225.0 0.00041040959535288194
958596.0 0.000410928366858014
957967.0 0.0004103534306068548
957338.0 0.00041130260369097053
956709.0 0.0004101587900232995
956080.0 0.0004118343039343045
955451.0 0.0004097705464737335
954822.0 0.00041257595423550706
954193.0 0.0004091406995716873
953564.0 0.0004135649873400571
952935.0 0.00040824488571521514
952306.0 0.00041480705062221784
951677.0 0.0004070934316078058
951048.0 0.0004162725057020973
950419.0 0.0004057321408817497
949790.0 0.00041790192384706665
949161.0 0.00040422688548803765
948532.0 0.000419625159378404
947903.0 0.00040264876806844595
947274.0 0.0004213747486449631
946645.0 0.00040105890240168526
946016.0 0.0004230972197084091
945387.0 0.0003995035722121194
944758.0 0.00042475476812276863
944129.0 0.000398014555064731
943500.0 0.000426321483061057
942871.0 0.00039661259241282937
942242.0 0.0004277820048285558
941613.0 0.00039531084586399154
940984.0 0.00042912617016070025
940355.0 0.00039411713281726086
939726.0 0.00043034899692195703
939097.0 0.0003930346330351938
938468.0 0.0004314505622093137
937839.0 0.0003920847384967881
937210.0 0.00043239966277492037
936581.0 0.00039116204427658437
935952.0 0.00043341297755116273
935323.0 0.00039060331646572293
934694.0 0.00043381138228636975
934065.0 0.0003896725754120254
933436.0 0.000435411240883574
932807.0 0.00038953610473893005
932178.0 0.0004347020112241651
931549.0 0.0003888616210732983
930920.0 0.00043557596681077445
930291.0 0.00039732727127685796
929662.0 0.0004218793073714256
929033.0 0.0004074499782856184
928404.0 0.00041594454024318863
927775.0 0.0003902788320902436
927146.0 0.0004430692735029487
926517.0 0.0003963574356412087
925888.0 0.0003936236968239073
925259.0 0.0004482183504449364
924630.0 0.00038741842039274194
924001.0 0.0003969277985404192
923372.0 0.00045127698789985607
922743.0 0.0003955204628620262
922114.0 0.00039537387847352897
921485.0 0.00039866205206310024
920856.0 0.00046065171090127466
920227.0 0.0003850702702345735
919598.0 0.0003998782073454128
918969.0 0.0004006901913273384
918340.0 0.00045077513567456066
917711.0 0.00039523588293556165
917082.0 0.0003922208478289158
916453.0 0.00037424435616709953
915824.0 0.000470796965453795
915195.0 0.0002989599992609073
914566.0 0.0003725179394602021
913937.0 0.00037615120354233373
913308.0 0.0003876150774157688
912679.0 0.00039492029986847526
912050.0 0.00039916364249623185
911421.0 0.000401876578382976
910792.0 0.00040377376209250766
910163.0 0.0004051923580536331
909534.0 0.00040630623766594443
908905.0 0.0004072134237701118
908276.0 0.0004079737441198719
907647.0 0.0004086252708059084
907018.0 0.0004091936798861518
906389.0 0.0004096970098626566
905760.0 0.00041014819339252063
905131.0 0.00041055675808225216
904502.0 0.0004109302429650854
903873.0 0.0004112741328941295
903244.0 0.00041159263651270004
902615.0 0.000411889539109515
901986.0 0.00041216763914238476
901357.0 0.00041242924177812895
900728.0 0.0004126761933356845
900099.0 0.0004129102757472701
899470.0 0.00041313267029699963
898841.0 0.00041334458098068495
898212.0 0.00041354699117041055
897583.0 0.0004137407925075229
896954.0 0.0004139265660116196
896325.0 0.00041410499919515033
895696.0 0.0004142766893537303
895067.0 0.00041444213616648765
894438.0 0.00041460166354100904
893809.0 0.00041475569073324653
893180.0 0.00041490459461525396
892551.0 0.0004150486453748472
891922.0 0.0004151880605041208
891293.0 0.0004153232242738672
890664.0 0.00041545421400042247
890035.0 0.0004155812785797344
889406.0 0.0004157046136670391
888777.0 0.00041582436363977044
888148.0 0.00041594071359173155
887519.0 0.0004160538274532518
886890.0 0.00041616376905732785
886261.0 0.0004162707297772453
885632.0 0.00041637479814908194
885003.0 0.0004164761262840002
884374.0 0.0004165747224351396
883745.0 0.00041667077237879857
883116.0 0.00041676436259191404
882487.0 0.0004168555670865604
881858.0 0.0004169444796080099
881229.0 0.00041703116945855916
880600.0 0.0004171157167671154
879971.0 0.0004171982184270305
879342.0 0.00041727873481856617
878713.0 0.0004173573390248992
878084.0 0.00041743409689237114
877455.0 0.0004175090643681881
876826.0 0.00041758229149742483
876197.0 0.00041765388061899193
875568.0 0.00041772383629714004
874939.0 0.000417792238544795
874310.0 0.00041785914021955545
873681.0 0.00041792459241042255
873052.0 0.00041798861647508853
872423.0 0.000418051261769537
871794.0 0.0004181126227453019
871165.0 0.0004181726773975425
870536.0 0.00041823148290857936
869907.0 0.0004182891050257012
869278.0 0.00041834554413189653
868649.0 0.0004184008490903254
868020.0 0.000418455069395379
867391.0 0.000418508188239208
866762.0 0.00041856027619150007
866133.0 0.00041861136641284375
865504.0 0.00041866144716582696
864875.0 0.0004187106031438149
864246.0 0.0004187588040160954
863617.0 0.0004188060820261421
862988.0 0.00041885249395816684
862359.0 0.0004188980438414538
861730.0 0.0004189427398389424
861101.0 0.0004189866093878165
860472.0 0.0004190296879024782
859843.0 0.0004190719756679717
859214.0 0.0004191134929050148
858585.0 0.0004191542672902325
857956.0 0.0004191943058278225
857327.0 0.00041923361094302575
856698.0 0.00041927222859894955
856069.0 0.00041931016287635476
855440.0 0.0004193473910033057
854811.0 0.000419383974325185
854182.0 0.0004194198903529193
853553.0 0.00041945517779552434
852924.0 0.00041948983668483496
852295.0 0.00041952387916740304
851666.0 0.00041955731052225833
851037.0 0.0004195901332835141
850408.0 0.0004196223726363213
849779.0 0.0004196540297218986
849150.0 0.00041968510874852553
848521.0 0.00041971562670664267
847892.0 0.00041974558361269844
847263.0 0.00041977498196277805
846634.0 0.00041980385768943874
846005.0 0.000419832180761448
845376.0 0.0004198599370017661
844747.0 0.0004198871979554673
844118.0 0.0004199139399650507
843489.0 0.00041994015101431986
842860.0 0.000419965863710434
842231.0 0.0004199910425198689
841602.0 0.0004200157357005704
840973.0 0.00042003989663328973
840344.0 0.0004200635892681543
839715.0 0.00042008677543391675
839086.0 0.00042010945338459793
838457.0 0.00042013164536728204
837828.0 0.0004201533674190095
837199.0 0.00042017452545789496
836570.0 0.0004201952684989814
835941.0 0.00042021552106444017
835312.0 0.0004202352476817876
834683.0 0.0004202545201211333
834054.0 0.0004202732926912022
833425.0 0.00042029158462454213
832796.0 0.000420309365763163
832167.0 0.00042032665684455493
831538.0 0.0004203434554962595
830909.0 0.00042035982182553273
830280.0 0.00042037564069979477
829651.0 0.00042039097098056926
829022.0 0.0004204057852927264
828393.0 0.0004204200994320225
827764.0 0.00042043392798094914
827135.0 0.00042044721340641776
826506.0 0.0004204600270704861
825877.0 0.00042047228808175617
825248.0 0.00042048401169350217
824619.0 0.0004204952696502043
823990.0 0.00042050595315459534
823361.0 0.0004205160605629836
822732.0 0.0004205256585211408
822103.0 0.0004205346928215692
821474.0 0.0004205431345671963
820845.0 0.00042055109272486757
820216.0 0.0004205584040675486
819587.0 0.00042056510228474726
818958.0 0.0004205713059105299
818329.0 0.0004205767891221278
817700.0 0.0004205817506852376
817071.0 0.00042058600877832656
816442.0 0.0004205897078468754
815813.0 0.0004205927201774862
815184.0 0.0004205951055173029
814555.0 0.00042059681131006153
813926.0 0.00042059780087493466
813297.0 0.0004205981547751882
812668.0 0.0004205977960397998
812039.0 0.0004205966822956091
811410.0 0.00042059485725918784
810781.0 0.00042059228233699126
810152.0 0.0004205889759341795
809523.0 0.0004205848528458506
808894.0 0.0004205799622847169
808265.0 0.00042057432871286005
807636.0 0.00042056777441389515
807007.0 0.0004205604422845653
806378.0 0.0004205521870935525
805749.0 0.0004205431317549422
805120.0 0.0004205332112380834
804491.0 0.00042052234724110506
803862.0 0.00042051060484484405
803233.0 0.0004204978699715239
802604.0 0.00042048424110269406
801975.0 0.00042046958850976666
801346.0 0.00042045396621947384
800717.0 0.00042043732199993633
800088.0 0.00042041965632973714
799459.0 0.0004204009916144154
798830.0 0.00042038113533457227
798201.0 0.00042036029304436833
797572.0 0.00042033833329769313
796943.0 0.0004203152662276506
796314.0 0.00042029097651834153
795685.0 0.000420265624257162
795056.0 0.00042023905821004105
794427.0 0.00042021124871061735
793798.0 0.00042018226524742234
793169.0 0.0004201520228194408
792540.0 0.00042012054917472654
791911.0 0.00042008778608497427
791282.0 0.00042005368178107684
790653.0 0.0004200183317901601
790024.0 0.00041998167616663976
789395.0 0.00041994362073310634
788766.0 0.00041990430361912287
788137.0 0.0004198634236103539
787508.0 0.0004198213354173292
786879.0 0.0004197777424486218
786250.0 0.0004197328096275978
785621.0 0.00041968639128950975
784992.0 0.00041963856383921534
784363.0 0.0004195893379128778
783734.0 0.0004195385635389191
783105.0 0.00041948644418971035
782476.0 0.0004194327708636871
781847.0 0.00041937764067061863
781218.0 0.00041932114269146824
780589.0 0.00041926312827797165
779960.0 0.00041920356444046577
779331.0 0.0004191426869692075
778702.0 0.0004190803276519522
778073.0 0.0004190165776194642
777444.0 0.0004189513083886559
776815.0 0.0004188847813154629
776186.0 0.00041881671937665587
775557.0 0.000418747484868028
774928.0 0.00041867690998571416
774299.0 0.0004186050144488465
773670.0 0.0004185319309256406
773041.0 0.0004184577200710116
772412.0 0.0004183823568916206
771783.0 0.0004183059515121838
771154.0 0.0004182286678989225
770525.0 0.0004181502973935101
769896.0 0.0004180711160484893
769267.0 0.0004179914220102505
768638.0 0.00041791103955660786
768009.0 0.00041783005987644376
767380.0 0.00041774901472105307
766751.0 0.00041766741716545613
766122.0 0.00041758602138486026
765493.0 0.0004175046327227104
764864.0 0.0004174237436909221
764235.0 0.0004173435418485481
763606.0 0.0004172636282698396
762977.0 0.0004171853698379158
762348.0 0.00041710828468331394
761719.0 0.0004170328699314494
761090.0 0.00041695982846254515
760461.0 0.00041688894574884894
759832.0 0.0004168214416755099
759203.0 0.00041675740729266197
758574.0 0.00041669762807552285
757945.0 0.00041664292448183294
757316.0 0.00041659387817619435
756687.0 0.00041655175695365295
756058.0 0.00041651802289076643
755429.0 0.0004164940657710615
754800.0 0.0004164805937993014
754171.0 0.0004164829295028647
753542.0 0.0004164949454304564
752913.0 0.000416539770004643
752284.0 0.00041656992361599325
751655.0 0.00041669106206151344
751026.0 0.0004166908461998843
750397.0 0.00041695041602291704
749768.0 0.0004167779053742735
749139.0 0.0004172374455882649
748510.0 0.0004166180844344713
747881.0 0.0004172117858623254
747252.0 0.00041577249476462073
746623.0 0.0004162035491071042
745994.0 0.0004138478833129783
745365.0 0.0004147256480975793
744736.0 0.0004154902624187341
744107.0 0.0003893606087234468
743478.0 0.0003978665214243843
742849.0 0.00039932053601723303
742220.0 0.0003992345583025279
741591.0 0.00039956525284348215
740962.0 0.0003963700971866237
740333.0 0.0003193943126232802
739704.0 0.00036489519858332633
739075.0 0.0003724908316745383
738446.0 0.00037491972016851177
737817.0 0.00037998322745048615
737188.0 0.000384829546625756
736559.0 0.00038850637651551717
735930.0 0.0003911933375181
735301.0 0.0003931819628256035
734672.0 0.0003946879374976436
734043.0 0.0003958547857191909
733414.0 0.0003967759805519287
732785.0 0.0003975149448794849
732156.0 0.0003981150176731641
731527.0 0.0003986072883247141
730898.0 0.0003990144100099015
730269.0 0.0003993534441513383
729640.0 0.00039963742324685255
729011.0 0.00039987652508588267
728382.0 0.000400078913150678
727753.0 0.00040025108856581854
727124.0 0.00040039842508535076
726495.0 0.0004005251252964226
725866.0 0.0004006346706915422
725237.0 0.0004007296494656552
724608.0 0.0004008122177293132
723979.0 0.0004008837754485519
723350.0 0.00040094519955068256
722721.0 0.000400996827299981
722092.0 0.00040103842615386056
721463.0 0.00040106934083428266
720834.0 0.0004010884364640481
720205.0 0.0004010941943560365
719576.0 0.0004010846602724632
718947.0 0.0004010576037835433
718318.0 0.00040101055247840795
717689.0 0.00040094090195703734
717060.0 0.00040084609663031806
716431.0 0.00040072353166610423
715802.0 0.00040057099110028495
715173.0 0.000400386655980681
714544.0 0.0004001691034261478
713915.0 0.00039991788677822313
713286.0 0.0003996335034158104
712657.0 0.0003993173311292727
712028.0 0.00039897242500569724
711399.0 0.00039860307407997445
710770.0 0.00039821527346038015
710141.0 0.0003978169619803534
709512.0 0.00039741774260781243
708883.0 0.0003970290798365184
708254.0 0.0003966642292388302
707625.0 0.000396338043864795
706996.0 0.0003960666144136063
706367.0 0.00039586684205629083
705738.0 0.0003957561437031639
705109.0 0.0003957516604086823
704480.0 0.0003958698172017272
703851.0 0.0003961257480868293
703222.0 0.00039653282458687074
702593.0 0.0003971021764668879
701964.0 0.0003978423820962428
701335.0 0.00039875935358867716
700706.0 0.00039985618770893897
700077.0 0.00040113317027066234
699448.0 0.000402587727439154
698819.0 0.00040421441574052617
698190.0 0.00040600507677559025
697561.0 0.0004079489116286098
696932.0 0.0004100321888697682
696303.0 0.00041223859034427086
695674.0 0.00041454909136741483
695045.0 0.0004169418928735709
694416.0 0.0004193925089362142
693787.0 0.0004218738925900465
693158.0 0.00042435642161428664
692529.0 0.00042680801185978674
691900.0 0.0004291943678786171
691271.0 0.0004314791012754814
690642.0 0.0004336240290410442
690013.0 0.00043558932346591937
689384.0 0.00043733399126916477
688755.0 0.0004388159599387628
688126.0 0.0004399929920204378
687497.0 0.0004408230508548278
686868.0 0.0004412658804771494
686239.0 0.0004412844840281501
685610.0 0.00044084766743507576
684981.0 0.0004399301907015446
684352.0 0.0004385076027552999
683723.0 0.00043653937635500787
683094.0 0.0004339361443095583
682465.0 0.00043051437610502164
681836.0 0.00042596661614639547
681207.0 0.00041991528796694796
680578.0 0.00041215836582421763
679949.0 0.00040314913196016355
679320.0 0.00039441369769330014
678691.0 0.00038814862429420764
678062.0 0.0003858418296077878
677433.0 0.00038741089070254496
676804.0 0.0003917922599269431
676175.0 0.00039786985158371654
675546.0 0.0004048582190109549
674917.0 0.00041229011144403016
674288.0 0.00041990683231858016
673659.0 0.0004275696302258676
673030.0 0.00043520250027342895
672401.0 0.00044276049774139454
671772.0 0.00045021203980290936
671143.0 0.00045753253865501666
670514.0 0.0004647034208554324
669885.0 0.000471708664519128
669256.0 0.0004785282845528252
668627.0 0.00048513117626804137
667998.0 0.0004914752181040137
667369.0 0.0004975160962729659
666740.0 0.0005032180803807204
666111.0 0.0005085569599229078
665482.0 0.0005135118441350027
664853.0 0.0005180506805741051
664224.0 0.0005221189904767568
663595.0 0.000525640067005666
662966.0 0.0005285327039853834
662337.0 0.000530754490841496
661708.0 0.0005323716693637114
661079.0 0.0005336359500911893
660450.0 0.0005349936424836072
659821.0 0.0005368392416795946
659192.0 0.000538635261431739
658563.0 0.0005368946952212021
657934.0 0.0005221355135255257
657305.0 0.0004815708013301399
656676.0 0.000420174494350458
656047.0 0.00038806870585863585
655418.0 0.00040198243749039103
654789.0 0.0004300772569831681
654160.0 0.0004554729924145242
653531.0 0.00047635552934752775
652902.0 0.0004938439508314088
652273.0 0.0005088161358578454
651644.0 0.000522003029634792
651015.0 0.0005341106637623547
650386.0 0.0005454948060431989
649757.0 0.0005561026892281336
649128.0 0.0005658383702601081
648499.0 0.0005748682368474879
647870.0 0.00058351694644217
647241.0 0.000592003807433474
646612.0 0.0006003106300251515
645983.0 0.000608217956894215
645354.0 0.0006154615655620994
644725.0 0.0006218955630883623
644096.0 0.0006275242998003846
643467.0 0.0006324105598474456
642838.0 0.0006365933195970374
642209.0 0.0006401310303678631
641580.0 0.0006433326479763563
640951.0 0.0006471683924359029
640322.0 0.0006536652007229416
639693.0 0.0006652398727367224
639064.0 0.0006790260400852717
638435.0 0.0006722802964969711
637806.0 0.0006039367505109998
637177.0 0.0004539687193383027
636548.0 0.00042412185639689623
635919.0 0.00042904205733063804
635290.0 0.000503603808580501
634661.0 0.0005468979355769369
634032.0 0.0005755395981046534
633403.0 0.0005964053527731555
632774.0 0.000615187570263012
632145.0 0.0006315751974995776
631516.0 0.0006447171500575193
630887.0 0.0006558454521746669
630258.0 0.000666310803917726
629629.0 0.0006766895226660491
629000.0 0.0006869613335980222
628371.0 0.0006967631049956263
627742.0 0.0007056482048032039
627113.0 0.0007133900191165483
626484.0 0.0007200804903915448
625855.0 0.0007259604048059442
625226.0 0.0007312376423508866
624597.0 0.0007360297742536018
623968.0 0.0007403833132464445
623339.0 0.0007443083747599599
622710.0 0.0007478066363444101
622081.0 0.0007508910219201526
621452.0 0.0007536055605362674
620823.0 0.0007560585864736564
620194.0 0.0007584824710973159
619565.0 0.0007613347698089025
618936.0 0.0007654685218511192
618307.0 0.0007722558904357497
617678.0 0.0007824749513715755
617049.0 0.0007894566176379634
616420.0 0.0007624934472587723
615791.0 0.0006552567001483319
615162.0 0.0005532755764877116
614533.0 0.0004610271032308729
613904.0 0.0005662739842594171
613275.0 0.0006123670230325422
612646.0 0.0006440255036372853
612017.0 0.0006630724225296454
611388.0 0.0006770740316958602
610759.0 0.0006891987615274209
610130.0 0.0006999956040171754
609501.0 0.000709427086146554
608872.0 0.0007174363509864481
608243.0 0.0007241131820410851
607614.0 0.0007296811263132039
606985.0 0.0007343972387644846
606356.0 0.0007384737845543488
605727.0 0.0007420572411282337
605098.0 0.0007452408511603125
604469.0 0.0007480837911033237
603840.0 0.000750626673924663
603211.0 0.0007529014261743077
602582.0 0.0007549363159214606
601953.0 0.0007567574303564428
601324.0 0.0007583885090194831
600695.0 0.0007598495343263071
600066.0 0.000761155793512112
599437.0 0.0007623176112180873
598808.0 0.0007633409056068192
598179.0 0.0007642286876204633
597550.0 0.0007649823128831147
596921.0 0.0007656028292571866
596292.0 0.0007660918029789483
595663.0 0.0007664514247181997
595034.0 0.0007666846828663849
594405.0 0.0007667950581966106
593776.0 0.0007667863616130218
593147.0 0.0007666624919909932
592518.0 0.0007664273707772718
591889.0 0.0007660849072193732
591260.0 0.0007656389560757965
590631.0 0.0007650933253347692
590002.0 0.000764451711896485
589373.0 0.0007637178237465792
588744.0 0.0007628953029005311
588115.0 0.0007619875864470954
587486.0 0.0007609981304705276
586857.0 0.0007599301447633809
586228.0 0.0007587869150783402
585599.0 0.0007575713464473518
584970.0 0.0007562863294923136
584341.0 0.0007549346083133456
583712.0 0.0007535188471709297
583083.0 0.0007520414597920166
582454.0 0.0007505049154125898
581825.0 0.0007489114730047902
581196.0 0.0007472633161642398
580567.0 0.0007455626164661503
579938.0 0.0007438113208196947
579309.0 0.0007420114943688169
578680.0 0.0007401648779960014
578051.0 0.0007382734356264106
577422.0 0.0007363388775738157
576793.0 0.0007343628729701548
576164.0 0.0007323470115328407
575535.0 0.0007302928557597074
574906.0 0.0007282018046984002
574277.0 0.0007260753776138311
573648.0 0.000723914564751951
573019.0 0.0007217207013958576
572390.0 0.000719494728491455
571761.0 0.0007172375719860445
571132.0 0.0007149499901916246
570503.0 0.0007126325039787056
569874.0 0.0007102856351182896
569245.0 0.0007079095961079653
568616.0 0.0007055044448047737
567987.0 0.0007030700494284989
567358.0 0.0007006060182707238
566729.0 0.0006981118868429779
566100.0 0.0006955867405914447
565471.0 0.0006930296301437641
564842.0 0.0006904392484211003
564213.0 0.0006878141308874246
563584.0 0.0006851525637024329
562955.0 0.0006824526274099568
562326.0 0.0006797122097000651
561697.0 0.000676928974110531
561068.0 0.0006741004036391927
560439.0 0.0006712239708449636
559810.0 0.0006682967971292591
559181.0 0.000665316076080781
558552.0 0.0006622789777328865
557923.0 0.0006591824395886003
557294.0 0.0006560235676519192
556665.0 0.0006527994348947532
556036.0 0.000649507124310556
555407.0 0.0006461439108592076
554778.0 0.0006427072193347396
554149.0 0.0006391946405934252
553520.0 0.0006356040382136464
552891.0 0.0006319335800728578
552262.0 0.0006281818582753345
551633.0 0.0006243476816626263
551004.0 0.000620430300468493
550375.0 0.0006164291182154555
549746.0 0.0006123437961545675
549117.0 0.0006081738287608996
548488.0 0.000603918592755415
547859.0 0.0005995768115349732
547230.0 0.0005951467236420371
546601.0 0.00059062581582196
545972.0 0.0005860110498199084
545343.0 0.0005812993037844578
544714.0 0.0005764874146762472
544085.0 0.000571573457838959
543456.0 0.0005665571712423465
542827.0 0.0005614409165243035
542198.0 0.0005562302675826444
541569.0 0.0005509346458189478
540940.0 0.0005455671931005124
540311.0 0.0005401447131443392
539682.0 0.000534686959504148
539053.0 0.0005292163956734678
538424.0 0.0005237586235319826
537795.0 0.0005183455854381487
537166.0 0.0005130223989037847
536537.0 0.0005078595950920146
535908.0 0.0005029663242045594
535279.0 0.0004984862817236259
534650.0 0.0004945384959430943
534021.0 0.0004910715318935966
533392.0 0.00048772626239921137
532763.0 0.0004839745390344258
532134.0 0.00047952135708568134
531505.0 0.0004743987778923878
530876.0 0.0004686723484730484
530247.0 0.0004623280381243889
529618.0 0.0004553730737883147
528989.0 0.0004478572370541601
528360.0 0.00043988107254905025
527731.0 0.00043171890495379705
527102.0 0.0004239481315307001
526473.0 0.0004173451355511032
525844.0 0.00041249868968930645
525215.0 0.00040949984720240623
524586.0 0.00040801031591917466
523957.0 0.00040753039021257793
523328.0 0.00040758966993755625
522699.0 0.0004078283341414878
522070.0 0.0004080328238837427
521441.0 0.0004080224489686233
520812.0 0.0004072397601860458
520183.0 0.00040431759969821585
519554.0 0.0003972892625224655
518925.0 0.00038616819296132096
518296.0 0.00037692315400666575
517667.0 0.00037007030800755367
517038.0 0.00035044667543814576
516409.0 0.0003001194757215928
515780.0 0.00030267084835099227
515151.0 0.0003322127519179533
514522.0 0.00034648146839632194
513893.0 0.0003543197769325863
513264.0 0.0003598778491242889
512635.0 0.0003645586780914263
512006.0 0.0003685986515261187
511377.0 0.0003720158412400169
510748.0 0.0003748401525996354
510119.0 0.00037712383876634527
509490.0 0.0003789219301289296
508861.0 0.00038027859539631575
508232.0 0.00038122250634222175
507603.0 0.00038176624967926757
506974.0 0.00038190926326761804
506345.0 0.00038164218574813607
505716.0 0.0003809542887189478
505087.0 0.0003798431573569514
504458.0 0.00037832524309246727
503829.0 0.00037644088134504704
503200.0 0.00037424481287511024
502571.0 0.00037177428300091996
501942.0 0.00036900368689858013
501313.0 0.00036581585854818157
500684.0 0.00036202986153747026
500055.0 0.00035750190404627955
499426.0 0.000352243283845792
498797.0 0.0003464056093244615
498168.0 0.00034008473644148976
497539.0 0.00033321511456021547
496910.0 0.00032575090489259865
496281.0 0.0003178457080169685
495652.0 0.0003098866677163667
495023.0 0.00030259441787885657
494394.0 0.00029695075913399295
493765.0 0.00029363588972941936
493136.0 0.0002925059658549756
492507.0 0.0002928391649784082
491878.0 0.0002939222320588603
491249.0 0.000295307932827415
490620.0 0.0002967799065728865
489991.0 0.0002982546937995637
489362.0 0.0002997112316638202
488733.0 0.00030115283084614346
488104.0 0.0003025894156250381
487475.0 0.00030403032610850516
486846.0 0.00030548213756871335
486217.0 0.00030694861407697566
485588.0 0.0003084313983836773
484959.0 0.00030993079283873676
484330.0 0.0003114463913964043
483701.0 0.0003129775095382554
483072.0 0.00031452343832833027
482443.0 0.00031608356891158206
481814.0 0.0003176574372352389
481185.0 0.000319244723579054
480556.0 0.00032084523155248557
479927.0 0.00032245886074477707
479298.0 0.0003240855807885592
478669.0 0.00032572540981260824
478040.0 0.0003273783980937057
477411.0 0.0003290446164319827
476782.0 0.0003307241482949874
476153.0 0.0003324170847648823
475524.0 0.00033412352143254593
474895.0 0.0003358435565781569
474266.0 0.0003375772901620585
473637.0 0.00033932482330106573
473008.0 0.0003410862580217865
472379.0 0.00034286169716218337
471750.0 0.0003446512443464112
471121.0 0.0003464550039922729
470492.0 0.0003482730813297378
469863.0 0.0003501055824211752
469234.0 0.00035195261417973885
468605.0 0.00035381428438482286
467976.0 0.00035569070169522924
467347.0 0.0003575819756605466
466718.0 0.0003594882167316064
466089.0 0.0003614095362703118
465460.0 0.0003633460465593292
464831.0 0.0003652978608117476
464202.0 0.000367265093180809
463573.0 0.0003692478587697988
462944.0 0.00037124627364197154
462315.0 0.0003732604548306128
461686.0 0.00037529052034918303
461057.0 0.00037733658920145643
460428.0 0.00037939878139168923
459799.0 0.00038147721793481556
459170.0 0.0003835720208665918
458541.0 0.0003856833132536757
457912.0 0.0003878112192036765
457283.0 0.00038995586387513044
456654.0 0.00039211737348735605
456025.0 0.00039429587533015923
455396.0 0.0003964914977734801
454767.0 0.0003987043702767848
454138.0 0.0004009346233983351
453509.0 0.0004031823888041882
452880.0 0.00040544779927697877
452251.0 0.00040773098872443406
451622.0 0.00041003209218753143
450993.0 0.00041235124584833093
450364.0 0.000414688587037444
449735.0 0.00041704425424099044
449106.0 0.0004194183871071779
448477.0 0.0004218111264522516
447848.0 0.00042422261426591643
447219.0 0.0004266529937160933
446590.0 0.00042910240915298244
445961.0 0.0004315710061123082
445332.0 0.00043405893131779103
444703.0 0.00043656633268263474
444074.0 0.000439093359310001
443445.0 0.0004416401614924563
442816.0 0.00044420689071013433
442187.0 0.00044679369962770924
441558.0 0.00044940074208985845
440929.0 0.00045202817311535353
440300.0 0.0004546761488893717
439671.0 0.0004573448267541983
439042.0 0.0004600343651978981
438413.0 0.00046274492384107456
437784.0 0.0004654766634213892
437155.0 0.00046822974577572505
436526.0 0.0004710043338199518
435897.0 0.0004738005915258462
435268.0 0.00047661868389538807
434639.0 0.00047945877693179385
434010.0 0.0004823210376074473
433381.0 0.00048520563382839916
432752.0 0.00048811273439516303
432123.0 0.0004910425089596515
431494.0 0.000493995127978089
430865.0 0.0004969707626595336
430236.0 0.0004999695849098743
429607.0 0.0005029917672710215
428978.0 0.0005060374828550648
428349.0 0.0005091069052730644
427720.0 0.0005122002085583475
427091.0 0.0005153175670839227
426462.0 0.0005184591554738282
425833.0 0.0005216251485080877
425204.0 0.0005248157210210369
424575.0 0.0005280310477927614
423946.0 0.0005312713034333361
423317.0 0.0005345366622595789
422688.0 0.0005378272981641894
422059.0 0.0005411433844768194
421430.0 0.0005444850938168987
420801.0 0.0005478525979380888
420172.0 0.0005512460675638717
419543.0 0.000554665672214301
418914.0 0.0005581115800234709
418285.0 0.0005615839575477129
417656.0 0.0005650829695641193
417027.0 0.0005686087788593661
416398.0 0.0005721615460086676
415769.0 0.0005757414291446052
415140.0 0.0005793485837159043
414511.0 0.0005829831622358863
413882.0 0.0005866453140206821
413253.0 0.0005903351849171258
412624.0 0.0005940529170202651
411995.0 0.0005977986483806415
411366.0 0.0006015725127013025
410737.0 0.0006053746390247281
410108.0 0.000609205151409707
409479.0 0.000613064168598554
408850.0 0.0006169518036746117
408221.0 0.0006208681637105344
407592.0 0.0006248133494075708
406963.0 0.0006287874547262057
406334.0 0.0006327905665086028
405705.0 0.000636822764093351
405076.0 0.0006408841189228403
404447.0 0.0006449746941440891
403818.0 0.0006490945442034746
403189.0 0.0006532437144360364
402560.0 0.0006574222406500405
401931.0 0.0006616301487077955
401302.0 0.0006658674541031395
400673.0 0.0006701341615368495
400044.0 0.0006744302644907013
399415.0 0.0006787557448011836
398786.0 0.0006831105722338353
398157.0 0.0006874947040594238
397528.0 0.0006919080846328619
396899.0 0.0006963506449761656
396270.0 0.0007008223023665237
395641.0 0.0007053229599306652
395012.0 0.0007098525062469481
394383.0 0.0007144108149561235
393754.0 0.0007189977443824003
393125.0 0.0007236131371658842
392496.0 0.0007282568199078799
391867.0 0.0007329286028302015
391238.0 0.0007376282794500476
390609.0 0.0007423556262715287
389980.0 0.000747110402495355
389351.0 0.0007518923497477562
388722.0 0.0007567011918301798
388093.0 0.0007615366344906669
387464.0 0.0007663983652186428
386835.0 0.0007712860530637214
386206.0 0.0007761993484802199
385577.0 0.0007811378831981789
384948.0 0.0007861012701218239
384319.0 0.0007910891032568612
383690.0 0.0007961009576668702
383061.0 0.0008011363894601008
382432.0 0.0008061949358071683
381803.0 0.0008112761149902711
381174.0 0.0008163794264849303
380545.0 0.0008215043510740262
379916.0 0.0008266503509953594
379287.0 0.000831816870122443
378658.0 0.0008370033341788367
378029.0 0.0008422091509862323
377400.0 0.0008474337107457928
376771.0 0.0008526763863531899
376142.0 0.0008579365337463181
375513.0 0.0008632134922861065
374884.0 0.0008685065851693549
374255.0 0.0008738151198733932
373626.0 0.000879138388632001
372997.0 0.0008844756689412778
372368.0 0.0008898262240950881
371739.0 0.0008951893037486304
371110.0 0.0009005641445090973
370481.0 0.0009059499705521179
369852.0 0.0009113459942628459
369223.0 0.0009167514169000868
368594.0 0.0009221654292822656
367965.0 0.0009275872124938054
367336.0 0.0009330159386101315
366707.0 0.0009384507714399387
366078.0 0.0009438908672827408
365449.0 0.0009493353756999796
364820.0 0.0009547834402977632
364191.0 0.0009602341995194273
363562.0 0.0009656867874460151
362933.0 0.0009711403346027726
362304.0 0.0009765939687700544
361675.0 0.000982046815796683
361046.0 0.0009874980004140916
360417.0 0.0009929466470492711
359788.0 0.0009983918806349317
359159.0 0.001003832827414557
358530.0 0.001009268615741123
357901.0 0.0010146983768670817
357272.0 0.0010201212457242354
356643.0 0.001025536361691963
356014.0 0.0010309428693519827
355385.0 0.0010363399192284731
354756.0 0.0010417266685123177
354127.0 0.0010471022817679443
353498.0 0.0010524659316215393
352869.0 0.0010578167994297904
352240.0 0.0010631540759273583
351611.0 0.0010684769618524812
350982.0 0.0010737846685496336
350353.0 0.0010790764185479584
349724.0 0.001084351446115374
349095.0 0.0010896089977869932
348466.0 0.0010948483328681324
347837.0 0.001100068723910804
347208.0 0.0011052694571637887
346579.0 0.0011104498329959328
345950.0 0.001115609166292244
345321.0 0.001120746786823039
344692.0 0.0011258620395854346
344063.0 0.0011309542851176523
343434.0 0.0011360228997859506
342805.0 0.0011410672760442154
342176.0 0.0011460868226665613
341547.0 0.0011510809649533755
340918.0 0.001156049144910995
340289.0 0.0011609908214054976
339660.0 0.0011659054702913944
339031.0 0.001170792584515348
338402.0 0.0011756516741960321
337773.0 0.0011804822666801455
337144.0 0.0011852839065756126
336515.0 0.0011900561557625913
335886.0 0.0011947985933825553
335257.0 0.0011995108158067418
334628.0 0.0012041924365840692
333999.0 0.0012088430863698356
333370.0 0.00121346241283566
332741.0 0.0012180500805615475
332112.0 0.0012226057709110376
331483.0 0.0012271291818900787
330854.0 0.0012316200279907455
330225.0 0.001236078040020281
329596.0 0.0012405029649166992
328967.0 0.0012448945655513818
328338.0 0.0012492526205195838
327709.0 0.0012535769239198893
327080.0 0.0012578672851226934
326451.0 0.0012621235285294112
325822.0 0.0012663454933222191
325193.0 0.001270533033205575
324564.0 0.001274686016140157
323935.0 0.0012788043240697861
323306.0 0.0012828878526422137
322677.0 0.0012869365109240073
322048.0 0.0012909502211109552
321419.0 0.0012949289182336587
320790.0 0.0012988725498598345
320161.0 0.0013027810757930962
319532.0 0.0013066544677694104
318903.0 0.0013104927091512305
318274.0 0.0013142957946202772
317645.0 0.0013180637298688712
317016.0 0.0013217965312908968
316387.0 0.0013254942256722404
315758.0 0.0013291568498813742
315129.0 0.0013327844505606702
314500.0 0.0013363770838180752
313871.0 0.001339934814920407
313242.0 0.0013434577179877692
312613.0 0.0013469458756900402
311984.0 0.0013503993789450801
311355.0 0.0013538183266194838
310726.0 0.0013572028252316311
310097.0 0.0013605529886577524
309468.0 0.0013638689378405928
308839.0 0.0013671508005014812
308210.0 0.001370398710855582
307581.0 0.0013736128093305064
306952.0 0.001376793242288531
306323.0 0.001379940161752572
305694.0 0.0013830537251358092
305065.0 0.001386134094975168
304436.0 0.0013891814386688534
303807.0 0.0013921959282177938
303178.0 0.0013951777399710348
302549.0 0.00139812705437538
301920.0 0.0014010440557291133
301291.0 0.001403928931939574
300662.0 0.0014067818742853856
300033.0 0.0014096030771822239
299404.0 0.0014123927379531497
298775.0 0.0014151510566030073
298146.0 0.0014178782355967019
297517.0 0.0014205744796416812
296888.0 0.0014232399954746753
296259.0 0.0014258749916520664
295630.0 0.0014284796783446232
295001.0 0.0014310542671358733
294372.0 0.0014335989708246346
293743.0 0.0014361140032312133
293114.0 0.001438599579007498
292485.0 0.0014410559134508689
291856.0 0.0014434832223217046
291227.0 0.0014458817216646913
290598.0 0.0014482516276336276
289969.0 0.0014505931563198453
289340.0 0.0014529065235842854
288711.0 0.0014551919448928512
288082.0 0.0014574496351553246
287453.0 0.0014596798085677316
286824.0 0.001461882678457996
286195.0 0.0014640584571350508
285566.0 0.0014662073557411468
284937.0 0.0014683295841075505
284308.0 0.0014704253506136581
283679.0 0.0014724948620492206
283050.0 0.0014745383234799447
282421.0 0.001476555938116551
281792.0 0.0014785479071869883
281163.0 0.0014805144298121714
280534.0 0.0014824557028850858
279905.0 0.0014843719209533487
279276.0 0.001486263276105436
278647.0 0.0014881299578604007
278018.0 0.0014899721530613422
277389.0 0.0014917900457727775
276760.0 0.0014935838171818334
276131.0 0.001495353645503515
275502.0 0.0014970997058904277
274873.0 0.0014988221703463231
274244.0 0.0015005212076448198
273615.0 0.001502196983252466
272986.0 0.0015038496592567102
272357.0 0.0015054793942993142
271728.0 0.001507086343514873
271099.0 0.0015086706584750977
270470.0 0.0015102324871389566
269841.0 0.0015117719738088817
269212.0 0.0015132892590937368
268583.0 0.0015147844798781317
267954.0 0.0015162577692991233
267325.0 0.001517709256730166
266696.0 0.0015191390677727526
266067.0 0.0015205473242563372
265438.0 0.0015219341442462247
264809.0 0.0015232996420607291
264180.0 0.0015246439282971113
263551.0 0.0015259671098670432
262922.0 0.0015272692900418548
262293.0 0.0015285505685080462
261664.0 0.0015298110414331543
261035.0 0.0015310508015424283
260406.0 0.001532269938206676
259777.0 0.0015334685375415383
259148.0 0.001534646682518299
258519.0 0.0015358044530867988
257890.0 0.0015369419263104069
257261.0 0.0015380591765132717
256632.0 0.0015391562754402315
256003.0 0.0015402332924293262
255374.0 0.001541290294596793
254745.0 0.0015423273470352083
254116.0 0.0015433445130241502
253487.0 0.0015443418542537156
252858.0 0.0015453194310605968
252229.0 0.0015462773026769763
251600.0 0.001547215527491572
250971.0 0.001548134163322956
250342.0 0.0015490332677050008
249713.0 0.0015499128981839054
249084.0 0.0015507731126266464
248455.0 0.0015516139695405465
247826.0 0.001552435528403607
247197.0 0.0015532378500052301
246568.0 0.0015540209967969624
245939.0 0.001554785033252761
245310.0 0.001555530026238636
244681.0 0.001556256045391112
244052.0 0.0015569631635041653
243423.0 0.0015576514569242807
242794.0 0.0015583210059532987
242165.0 0.001558971895258731
241536.0 0.0015596042142910001
240907.0 0.0015602180577076275
240278.0 0.001560813525803636
239649.0 0.0015613907249481082
239020.0 0.0015619497680262832
238391.0 0.001562490774886896
237762.0 0.0015630138727940185
237133.0 0.0015635191968831296
236504.0 0.0015640068906203892
235875.0 0.0015644771062641785
235246.0 0.0015649300053282526
234617.0 0.0015653657590447715
233988.0 0.0015657845488260087
233359.0 0.0015661865667230012
232730.0 0.001566572015878887
232101.0 0.001566941110975108
231472.0 0.0015672940786673184
230843.0 0.001567631158008683
230214.0 0.001567952600857107
229585.0 0.0015682586722630917
228956.0 0.001568549650834768
228327.0 0.0015688258290759202
227698.0 0.0015690875136935832
227069.0 0.0015693350258708513
226440.0 0.0015695687015012893
225811.0 0.0015697888913806933
225182.0 0.0015699959613529517
224553.0 0.001570190292406426
223924.0 0.0015703722807178246
223295.0 0.0015705423376411454
222666.0 0.001570700889639718
222037.0 0.0015708483781597903
221408.0 0.0015709852594453957
220779.0 0.001571112004294253
220150.0 0.0015712290977558361
219521.0 0.0015713370387730235
218892.0 0.001571436339770374
218263.0 0.0015715275261915524
217634.0 0.0015716111359907747
217005.0 0.0015716877190823616
216376.0 0.0015717578367539942
215747.0 0.0015718220610497482
215118.0 0.0015718809741287981
214489.0 0.0015719351676065844
213860.0 0.001571985241885535
213231.0 0.001572031805481634
212602.0 0.0015720754743542436
211973.0 0.0015721168712455067
211344.0 0.0015721566250356965
210715.0 0.0015721953701208849
210086.0 0.0015722337458180273
209457.0 0.0015722723958025953
208828.0 0.0015723119675832284
208199.0 0.0015723531120169138
207570.0 0.0015723964828675257
206941.0 0.0015724427364100797
206312.0 0.0015724925310821758
205683.0 0.0015725465271829151
205054.0 0.001572605386619608
204425.0 0.0015726697727010688
203796.0 0.0015727403499762704
203167.0 0.0015728177841159952
202538.0 0.0015729027418348068
201909.0 0.0015729958908499292
201280.0 0.0015730978998733036
200651.0 0.0015732094386327192
200022.0 0.0015733311779170722
199393.0 0.0015734637896415084
198764.0 0.0015736079469266862
198135.0 0.0015737643241876802
197506.0 0.001573933597226657
196877.0 0.0015741164433242041
196248.0 0.0015743135413245153
195619.0 0.0015745255717085477
194990.0 0.0015747532166510239
194361.0 0.001574997160056156
193732.0 0.0015752580875679888
193103.0 0.0015755366865515875
192474.0 0.0015758336460412583
191845.0 0.0015761496566538116
191216.0 0.0015764854104636738
190587.0 0.0015768416008392818
189958.0 0.0015772189222396447
189329.0 0.0015776180699720002
188700.0 0.001578039739911329
188071.0 0.0015784846281851463
187442.0 0.0015789534308271857
186813.0 0.001579446843405613
186184.0 0.0015799655606332501
185555.0 0.0015805102759687353
184926.0 0.0015810816812204542
184297.0 0.0015816804661663247
183668.0 0.0015823073182067984
183039.0 0.0015829629220698652
182410.0 0.0015836479595914938
181781.0 0.0015843631095984348
181152.0 0.001585109047923991
180523.0 0.0015858864475939351
179894.0 0.0015866959792235358
179265.0 0.001587538311674223
178636.0 0.0015884141130255
178007.0 0.0015893240519260171
177378.0 0.0015902687993967909
176749.0 0.0015912490311718228
176120.0 0.0015922654306727033
175491.0 0.0015933186927292611
174862.0 0.0015944095281751995
174233.0 0.001595538669466992
173604.0 0.0015967068774968847
172975.0 0.0015979149497978257
172346.0 0.0015991637303668775
171717.0 0.0016004541213702798
171088.0 0.001601787097031717
170459.0 0.0016031637200526285
169830.0 0.0016045851609649716
169201.0 0.0016060527208774321
168572.0 0.00160756785814394
167943.0 0.0016091322195608963
167314.0 0.0016107476767866617
166685.0 0.0016124163687756727
166056.0 0.0016141407511310352
165427.0 0.0016159236534040607
164798.0 0.0016177683455115748
164169.0 0.0016196786146005044
163540.0 0.0016216588538712619
162911.0 0.0016237141650772531
162282.0 0.0016258504766551404
161653.0 0.001628074679712273
161024.0 0.0016303947844151139
160395.0 0.00163282009969068
159766.0 0.0016353614395838757
159137.0 0.0016380313601177432
158508.0 0.0016408444310891043
157879.0 0.0016438175479066217
157250.0 0.0016469702893391843
156621.0 0.0016503253278716654
155992.0 0.0016539089002157246
155363.0 0.0016577513462941852
154734.0 0.001661887725519933
154105.0 0.001666358519085351
153476.0 0.0016712104256864817
152847.0 0.0016764972546603934
152218.0 0.0016822809133610797
151589.0 0.001688632472289538
150960.0 0.0016956332683342801
150331.0 0.0017033759680888819
149702.0 0.0017119654522510127
149073.0 0.0017215192893965654
148444.0 0.0017321674333097687
147815.0 0.0017440505961835483
147186.0 0.0017573165255840757
146557.0 0.0017721131778437806
145928.0 0.0017885776157337485
145299.0 0.0018068195215848628
144670.0 0.0018268987575322316
144041.0 0.0018487977284657245
143412.0 0.0018723916329723975
142783.0 0.0018974228654406813
142154.0 0.0019234889131678967
141525.0 0.0019500540734724875
140896.0 0.0019764914862188477
140267.0 0.002002151331722076
139638.0 0.0020264347191445617
139009.0 0.0020488378329812443
138380.0 0.002068931905149684
137751.0 0.002086278437927836
137122.0 0.0021003400657788164
136493.0 0.0021104757698308056
135864.0 0.0021160432561321994
135235.0 0.002116544107725898
134606.0 0.0021117790622153564
133977.0 0.0021020623835917413
133348.0 0.0020884437088295326
132719.0 0.0020726443579010736
132090.0 0.002056533187930517
131461.0 0.0020415132729150382
130832.0 0.0020282907119869194
130203.0 0.0020170189753639595
129574.0 0.0020075492966061662
128945.0 0.0019996196379449
128316.0 0.001992956354549716
127687.0 0.0019873162655513563
127058.0 0.0019824979291407866
126429.0 0.001978339820511832
125800.0 0.001974714190938777
125171.0 0.0019715203676182015
124542.0 0.001968678849320215
123913.0 0.0019661265221526487
123284.0 0.001963812929763543
122655.0 0.001961697416833373
122026.0 0.0019597469563202683
121397.0 0.001957934497929323
120768.0 0.0019562377091085865
120139.0 0.00195463801042883
119510.0 0.0019531198318555913
118881.0 0.0019516700353171565
118252.0 0.0019502774630924386
117623.0 0.0019489325819667493
116994.0 0.001947627200760705
116365.0 0.0019463542444612663
115736.0 0.0019451075723217585
115107.0 0.0019438818303550013
114478.0 0.0019426723309148707
113849.0 0.0019414749537553415
113220.0 0.0019402860642310582
112591.0 0.0019391024452646152
111962.0 0.0019379212404387663
111333.0 0.0019367399061316485
110704.0 0.0019355561710448657
110075.0 0.0019343680018079044
109446.0 0.0019331735736039897
108817.0 0.001931971244965133
108188.0 0.0019307595360464145
107559.0 0.00192953710981605
106930.0 0.001928302755699571
106301.0 0.0019270553752977738
105672.0 0.0019257939698633197
105043.0 0.0019245176292736503
104414.0 0.001923225522280624
103785.0 0.00192191688785227
103156.0 0.0019205910274506092
102527.0 0.0019192472981123785
101898.0 0.001917885106219248
101269.0 0.0019165039018591461
100640.0 0.0019151031736934117
100011.0 0.0019136824442544105
99382.0 0.0019122412656066854
98753.0 0.001910779215311122
98124.0 0.001909295892635831
97495.0 0.001907790914962014
96866.0 0.0019062639143349078
96237.0 0.0019047145341121903
95608.0 0.0019031424256635058
94979.0 0.0019015472450762084
94350.0 0.001899928649823715
93721.0 0.0018982862953549997
93092.0 0.0018966198315654662
92463.0 0.0018949288991131092
91834.0 0.0018932131255456404
91205.0 0.0018914721212086364
90576.0 0.0018897054749053913
89947.0 0.0018879127492805055
89318.0 0.0018860934758955662
88689.0 0.001884247149959055
88060.0 0.0018823732246590443
87431.0 0.0018804711050284533
86802.0 0.001878540141245542
86173.0 0.001876579621238066
85544.0 0.001874588762419337
84915.0 0.001872566702341049
84286.0 0.0018705124880043637
83657.0 0.0018684250635360984
83028.0 0.001866303255915901
82399.0 0.001864145758446367
81770.0 0.0018619511117006092
81141.0 0.0018597176817731517
80512.0 0.0018574436358145723
79883.0 0.0018551269150549653
79254.0 0.0018527652058275225
78625.0 0.0018503559094913019
77996.0 0.0018478961126195319
77367.0 0.0018453825593526144
76738.0 0.0018428116283942789
76109.0 0.0018401793177171832
75480.0 0.001837481240601381
74851.0 0.0018347126370969495
74222.0 0.0018318684053190714
73593.0 0.001828943157080597
72964.0 0.0018259313021770193
72335.0 0.001822827165097772
71706.0 0.0018196251370004733
71077.0 0.0018163198644285648
70448.0 0.001812906474483537
69819.0 0.0018093808340333044
69190.0 0.0018057398381437694
68561.0 0.001801981720406602
67932.0 0.0017981063753942119
67303.0 0.0017941156813309693
66674.0 0.0017900138094671069
66045.0 0.0017858075058047218
65416.0 0.001781506330930627
64787.0 0.0017771228448550248
64158.0 0.0017726727259473319
63529.0 0.001768174816236441
62900.0 0.0017636510893992547
62271.0 0.001759126542573594
61642.0 0.0017546290185089905
61013.0 0.0017501889701541642
60384.0 0.0017458391849585458
59755.0 0.0017416144901397413
59126.0 0.0017375514622320056
58497.0 0.0017336881641626712
57868.0 0.0017300639313076185
57239.0 0.0017267192252384239
56610.0 0.0017236955708061117
55981.0 0.001721035588869175
55352.0 0.0017187831330167528
54723.0 0.0017169835338000027
54094.0 0.0017156839485145301
53465.0 0.001714933809150674
52836.0 0.0017147853564358283
52207.0 0.0017152942442024695
51578.0 0.0017165201954425435
50949.0 0.001718527688922775
50320.0 0.0017213866527973113
49691.0 0.001725173139165334
49062.0 0.0017299699511423687
48433.0 0.0017358671921030202
47804.0 0.0017429627058223372
47175.0 0.0017513623770333703
46546.0 0.0017611802655080173
45917.0 0.0017725385546753134
45288.0 0.0017855673099262362
44659.0 0.0018004040640768465
44030.0 0.0018171932792886208
43401.0 0.0018360857756610138
42772.0 0.0018572382631389928
42143.0 0.0018808131567482759
41514.0 0.0019069788796448818
40885.0 0.001935910838299357
40256.0 0.0019677931513694636
39627.0 0.002002820978480742
38998.0 0.0020412028733883783
38369.0 0.0020831619476965432
37740.0 0.002128933835942954
37111.0 0.0021787587695148974
36482.0 0.0022328651233521433
35853.0 0.002291443610551329
35224.0 0.002354615786159537
34595.0 0.002422407062359107
33966.0 0.0024947390906268183
33337.0 0.0025714526667350765
32708.0 0.0026523571120104245
32079.0 0.002737282118975626
31450.0 0.0028260976865484818
30821.0 0.0029186770672165966
30192.0 0.003014803531723642
29563.0 0.0031140508542525174
28934.0 0.003215684898772801
28305.0 0.0033186310090340776
27676.0 0.0034215309841601916
27047.0 0.003522884559621711
26418.0 0.0036212448017330563
25789.0 0.003715421155416231
25160.0 0.0038046400006944603
24531.0 0.0038886205289389722
23902.0 0.0039675418700549515
23273.0 0.004041901165824364
22644.0 0.004112286385211667
22015.0 0.004179111100804011
21386.0 0.004242385501520066
20757.0 0.004301626168117555
20128.0 0.0043560064993952265
19499.0 0.004404771689636746
18870.0 0.004447794826426239
18241.0 0.004486042983704444
17612.0 0.004521728078215098
16983.0 0.004557930838090302
16354.0 0.004597406549497639
15725.0 0.004640400580162368
15096.0 0.004682461621467214
14467.0 0.004715654881845892
13838.0 0.004734816377675787
13209.0 0.004741232494413292
12580.0 0.004739450121912089
11951.0 0.004733732620576052
11322.0 0.0047270400975486775
10693.0 0.0047210857158696195
10064.0 0.004716462303391361
9435.0 0.004712642604780918
8806.0 0.00470801129643654
8177.0 0.004700397740754893
7548.0 0.004688474349118801
6919.0 0.004673092044021294
6290.0 0.004657047890261292
5661.0 0.004643326730071477
5032.0 0.004633504545755523
4403.0 0.004627855219213679
3774.0 0.0046265714428007166
3145.0 0.004631063078510413
2516.0 0.004645042673468752
1887.0 0.004674495567494011
1258.0 0.004722377423955106
629.0 0.0047780548496918615
0.0 0.006035929124572531
