375843.0 0.00004868974127715697
374586.0 0.000048252653713559946
373329.0 0.00008806911701602297
372072.0 0.00021824036301616902
370815.0 0.000096379284594533
369558.0 0.000045571052619392846
368301.0 0.000044060083991853527
367044.0 0.000041384140487273536
365787.0 0.000043038338269874666
364530.0 0.00005714582877375529
363273.0 0.000055636120937888434
362016.0 0.00006204540461878035
360759.0 0.00006771174635857239
359502.0 0.00007321576461945877
358245.0 0.00007877872445833877
356988.0 0.00008488424573148422
355731.0 0.00009145203422671523
354474.0 0.00009689065564683316
353217.0 0.00010536646390443068
351960.0 0.00010178387158843853
350703.0 0.00011667352547987371
349446.0 0.0001071730306984623
348189.0 0.00011310303214820657
346932.0 0.00011310690827900092
345675.0 0.00009322399751821261
344418.0 0.00015085712740745295
343161.0 0.00011821452794711569
341904.0 0.00011915505156458329
340647.0 0.00011967876663589229
339390.0 0.0001196576363100606
338133.0 0.00011932626804210732
336876.0 0.00011916252539287093
335619.0 0.00011912452961234898
334362.0 0.00011878674155662193
333105.0 0.0001178311982832741
331848.0 0.00011744444655010794
330591.0 0.00012000709322681748
329334.0 0.00012656183778073503
328077.0 0.00013563371569468228
326820.0 0.00014454909402234
325563.0 0.00014926308103048038
324306.0 0.00014050909261261534
323049.0 0.00011195515527534015
321792.0 0.00034768209218661406
320535.0 0.0000749898272613645
319278.0 0.0003341012422985454
318021.0 0.00005546088219726359
316764.0 0.0003241164311766436
315507.0 0.00027449367041800475
314250.0 0.0002789489257223693
312993.0 0.000273553517203707
311736.0 0.0003036837252639871
310479.0 0.00030353038960558503
309222.0 0.00031114345973468803
307965.0 0.0002999209659009245
306708.0 0.0003134024704186322
305451.0 0.00032175879602876336
304194.0 0.00031508961165092853
302937.0 0.00032669168443023855
301680.0 0.0003223976389498841
300423.0 0.00032211150668038963
299166.0 0.00035112592501499086
297909.0 0.00033573221247242663
296652.0 0.0003898078621006592
295395.0 0.00025030036206555995
294138.0 0.0005060008413202343
292881.0 0.00037325905622462145
291624.0 0.0004156424305174133
290367.0 0.000302538560464966
289110.0 0.0004965140765370121
287853.0 0.00023373923411608313
286596.0 0.00020278336435271713
285339.0 0.0007849803870991025
284082.0 0.000524013376326817
282825.0 0.0006478086746708923
281568.0 0.00033162302667406776
280311.0 0.0008569272470668119
279054.0 0.00037042681511494124
277797.0 0.0003947800686580516
276540.0 0.000382426118554696
275283.0 0.0004013710549278911
274026.0 0.0003991219635676506
272769.0 0.0005868770840334967
271512.0 0.000376865090668485
270255.0 0.0003409954520818311
268998.0 0.0006410884812690308
267741.0 0.0003482413074956624
266484.0 0.00042500907082002374
265227.0 0.00024334183322199138
263970.0 0.000475301165697428
262713.0 0.0002471652609332557
261456.0 0.0003445819239814756
260199.0 0.0001463804712786006
258942.0 0.0000945953133781566
257685.0 0.0000934737383035549
256428.0 0.00013664671276658038
255171.0 0.00019088853879275412
253914.0 0.0002405650263265357
252657.0 0.00026721323368523016
251400.0 0.0002562194821009559
250143.0 0.00021109940323801212
248886.0 0.0001606851455911993
247629.0 0.0001148719400759334
246372.0 0.0001624808800108189
245115.0 0.000377296499495828
243858.0 0.00005530106198442386
242601.0 0.0003045002865200073
241344.0 0.00006220689239904878
240087.0 0.00033099423376995807
238830.0 0.00009018411320275727
237573.0 0.00007837445247412095
236316.0 0.00011305137283663533
235059.0 0.00016191468494089747
233802.0 0.00021682071757737987
232545.0 0.000266565866627099
231288.0 0.00030114738572885335
230031.0 0.0003145622405441384
228774.0 0.00030655664139666797
227517.0 0.00028200805139278243
226260.0 0.0002481541367861082
225003.0 0.00021173429851966652
223746.0 0.00017744068466296506
222489.0 0.00014775116619977177
221232.0 0.0001234912177276421
219975.0 0.00010450020311831525
218718.0 0.00009013734808149823
217461.0 0.00007960464449477358
216204.0 0.00007213392249142261
214947.0 0.00006709480880877278
213690.0 0.00006408571288301086
212433.0 0.00006306291226010112
211176.0 0.0000644919681679704
209919.0 0.00006931101589551288
208662.0 0.00007838752591283907
207405.0 0.0000917389452423811
206148.0 0.00010832824686085951
204891.0 0.00012644344327677603
203634.0 0.00014416497066935052
202377.0 0.00015975795898547201
201120.0 0.00017197379567815744
199863.0 0.00018021312902754657
198606.0 0.00018450689021059927
197349.0 0.00018534359805852195
196092.0 0.00018344338954898656
194835.0 0.00017957396298695478
193578.0 0.0001744404083941229
192321.0 0.0001686338451975008
191064.0 0.00016261592692902834
189807.0 0.0001567240042317082
188550.0 0.00015118747296202626
187293.0 0.00014614846418579085
186036.0 0.0001416821434502669
184779.0 0.0001378140567238875
183522.0 0.00013453372314428503
182265.0 0.00013180476334833426
181008.0 0.00012957234778296177
179751.0 0.00012776885196288314
178494.0 0.00012631848916935044
177237.0 0.00012514147235204268
175980.0 0.0001241580142523821
174723.0 0.00012329226495953318
173466.0 0.00012247614396670688
172209.0 0.0001216529547261944
170952.0 0.00012078064755601596
169695.0 0.00011983457626151105
168438.0 0.0001188095268946931
167181.0 0.00011772065291419781
165924.0 0.00011660273428917666
164667.0 0.00011550695864835769
163410.0 0.00011449438193245997
162153.0 0.00011362566208245667
160896.0 0.00011294782904101615
159639.0 0.00011248071648783405
158382.0 0.00011221771270054317
157125.0 0.00011227547204096051
155868.0 0.00011241562995279827
154611.0 0.00011339372499480135
153354.0 0.00011680535713329374
152097.0 0.00016986321267784053
150840.0 0.0001163845878962925
149583.0 0.00011599782678826743
148326.0 0.00011723932239132426
147069.0 0.00022505463007537198
145812.0 0.0001314227290186
144555.0 0.0001310602459976612
143298.0 0.00021540190018404096
142041.0 0.0001257584474137846
140784.0 0.00013039220005315195
139527.0 0.0001335523227955483
138270.0 0.00028943639182475706
137013.0 0.00017965570901059286
135756.0 0.00014165380425059287
134499.0 0.00014880104595232718
133242.0 0.00015320870733286757
131985.0 0.0003483990023255205
130728.0 0.00016262919613109516
129471.0 0.0001703895088976526
128214.0 0.0001770008296727224
126957.0 0.0003592379971904564
125700.0 0.00019248524322453808
124443.0 0.00019604787094328424
123186.0 0.00020607723979724447
121929.0 0.00021717138195687482
120672.0 0.0002293909950220763
119415.0 0.00024277561440940343
118158.0 0.00025733159069099587
116901.0 0.000273019003151807
115644.0 0.00028973821461073754
114387.0 0.0003073175169470826
113130.0 0.00032550414131842545
111873.0 0.0003439614781844125
110616.0 0.0003622752142190112
109359.0 0.0003799699089591592
108102.0 0.0003965353926229867
106845.0 0.0004114599494029162
105588.0 0.00042426561704912377
104331.0 0.00043454091787833825
103074.0 0.0004419679426237405
101817.0 0.0004463430281946219
100560.0 0.0004475919917641589
99303.0 0.0004457808968867835
98046.0 0.00044112117306648524
96789.0 0.0004339644958588775
95532.0 0.00042478111933853016
94275.0 0.00041411815655788514
93018.0 0.0004025410680381686
91761.0 0.0003905719465279151
90504.0 0.00037864080697517816
89247.0 0.0003670692908243596
87990.0 0.0003561018483895073
86733.0 0.00034599130845304823
85476.0 0.0003371249076670996
84219.0 0.00033014590106900614
82962.0 0.0003260044522884311
81705.0 0.00032584477649808035
80448.0 0.000330693894222343
79191.0 0.0003411405275763827
77934.0 0.00035728310307987966
76677.0 0.0003789536118162663
75420.0 0.00040596337158848786
74163.0 0.0004381965917890475
72906.0 0.0004756072097213808
71649.0 0.00051839177361254
70392.0 0.0005673849748728468
69135.0 0.0006239132101300912
67878.0 0.000688837301891071
66621.0 0.0007612168235759632
65364.0 0.0008377843793906649
64107.0 0.0009119211791754545
62850.0 0.0009700174341465898
61593.0 0.0009904711118478133
60336.0 0.0009664731206002104
59079.0 0.0009602929843968362
57822.0 0.001021345710057284
56565.0 0.001106589232139563
55308.0 0.0011538734218359084
54051.0 0.0011771968601715515
52794.0 0.001216608659780268
51537.0 0.0012671254027699652
50280.0 0.0013537454653710205
49023.0 0.0014705791629078169
47766.0 0.0016152272129503912
46509.0 0.0017813126961276479
45252.0 0.0019402018833401273
43995.0 0.002060516656382461
42738.0 0.002131031166815843
41481.0 0.002180431014561906
40224.0 0.0022232997510488314
38967.0 0.0022698629515697055
37710.0 0.0023243191490914792
36453.0 0.0023845147928745047
35196.0 0.002450713458681427
33939.0 0.0025232820022497854
32682.0 0.0026026668312556173
31425.0 0.002689051804506366
30168.0 0.002781659028102712
28911.0 0.0028787897726424484
27654.0 0.0029774361291020827
26397.0 0.0030716759512066536
25140.0 0.003156806677531262
23883.0 0.0032103208778199773
22626.0 0.003233684909877407
21369.0 0.0032328664083305773
20112.0 0.003216970339578086
18855.0 0.0031949987970156858
17598.0 0.0031687441453155172
16341.0 0.003136528855772216
15084.0 0.0031020779979282717
13827.0 0.0030740906911336094
12570.0 0.003055143109942376
11313.0 0.00303098382647997
10056.0 0.0029854285547159607
8799.0 0.0029104012416612105
7542.0 0.0028428306820114527
6285.0 0.002796606617174581
5028.0 0.0027745604304316262
3771.0 0.0027550861748385316
2514.0 0.002726555240379161
1257.0 0.002689288049819978
0.0 0.0003441431282886505
